104 6 10
NTop NFop NCop DDL Nite Nthr 0.01 0.02 0.05 0.07 0.1 0.2 0.25 0.5 0.005 0.0025
306856 80400 2528 2 100 2 0.00494377 0.00397563 0.00337331 0.00291897 0.00344146 0.00346604 0.00295108 0.00291646 0.00321711 0.00324489 
306856 80400 2528 2 100 3 0.00239775 0.00222841 0.00230129 0.00336786 0.00231791 0.00237651 0.00284797 0.00328666 0.00218793 0.00218177 
306856 80400 2528 2 100 4 0.00238394 0.00221997 0.00194811 0.00359179 0.00181384 0.00235703 0.00277015 0.00338017 0.00175088 0.00173519 
306856 80400 2528 2 100 5 0.001964 0.00174891 0.00159978 0.00337407 0.00145705 0.00234086 0.00233161 0.00443339 0.00135239 0.00138068 
306856 80400 2528 2 100 6 0.00199806 0.00176705 0.0017038 0.00357537 0.00164162 0.00246667 0.00220667 0.00330573 0.00124873 0.00124486 
306856 80400 2528 2 100 7 0.00137008 0.00160775 0.00181916 0.00367866 0.00146317 0.00209714 0.00225247 0.00313186 0.00106458 0.0010633 
306856 80400 2528 2 100 8 0.00104257 0.0010366 0.00137852 0.00341733 0.0014072 0.00221412 0.00229539 0.00330637 0.00103383 0.00103394 
306856 80400 2528 2 100 9 0.00149589 0.00155128 0.00184727 0.00396342 0.00149123 0.001725 0.00204918 0.00303868 0.000887657 0.000859511 
306856 80400 2528 2 100 10 0.00120883 0.00118484 0.00147464 0.00333814 0.00148401 0.00199474 0.00240895 0.00318351 0.000846501 0.000829172 
306856 80400 2528 2 100 11 0.0011608 0.0011804 0.00160756 0.00389729 0.00150607 0.00208099 0.00210308 0.00312159 0.000818498 0.000821321 
306856 80400 2528 2 100 12 0.00117635 0.00120341 0.00164335 0.00470223 0.00158815 0.00259218 0.00236054 0.00320929 0.000801358 0.000788537 
306856 80400 2528 2 100 13 0.00103136 0.00123692 0.00161851 0.00344662 0.00149697 0.0018993 0.00184057 0.00308986 0.000910194 0.000784541 
306856 80400 2528 2 100 14 0.00110181 0.00134217 0.00183634 0.00388574 0.00139056 0.00194901 0.00223025 0.00309112 0.000662706 0.000689193 
1223706 320800 10053 2 200 2 0.0235353 0.0233216 0.0227959 0.0219715 0.0222192 0.025701 0.0222821 0.0213378 0.0222928 0.0223814 
1223706 320800 10053 2 200 3 0.0153891 0.0153807 0.0177792 0.0242993 0.0177992 0.0178339 0.0219841 0.0242959 0.0152663 0.0151861 
1223706 320800 10053 2 200 4 0.0136973 0.0127748 0.0133997 0.0227727 0.0134319 0.0179002 0.0199733 0.0220984 0.0129207 0.0129794 
1223706 320800 10053 2 200 5 0.0119251 0.0107952 0.00937363 0.0255234 0.00936365 0.0183169 0.0197315 0.027448 0.0101032 0.0103463 
1223706 320800 10053 2 200 6 0.0105062 0.00870524 0.00946402 0.025858 0.00930501 0.018568 0.0166547 0.0258845 0.00874742 0.00842644 
1223706 320800 10053 2 200 7 0.00949049 0.00785942 0.00967832 0.0240356 0.00965935 0.0173076 0.017732 0.0237639 0.00773506 0.00775008 
1223706 320800 10053 2 200 8 0.00690372 0.00769234 0.00967056 0.0263248 0.00966933 0.0153674 0.0159366 0.0261642 0.00688571 0.00689843 
1223706 320800 10053 2 200 9 0.00810387 0.00729427 0.00961615 0.0238189 0.00967249 0.0164462 0.0160746 0.0237565 0.00645026 0.00643788 
1223706 320800 10053 2 200 10 0.00696206 0.00602968 0.00964784 0.0237286 0.00966619 0.0125567 0.0168406 0.0239455 0.00585131 0.00587095 
1223706 320800 10053 2 200 11 0.00648679 0.00594056 0.00960867 0.0241772 0.00963283 0.0170214 0.0159825 0.0241614 0.00527453 0.00547645 
1223706 320800 10053 2 200 12 0.00544122 0.00552185 0.00952314 0.0238574 0.00953045 0.0123233 0.013458 0.023856 0.00493972 0.0050404 
1223706 320800 10053 2 200 13 0.00518898 0.00592077 0.00950802 0.0259648 0.00948752 0.0132688 0.0192639 0.0242514 0.00408734 0.00398122 
1223706 320800 10053 2 200 14 0.00512417 0.00617874 0.00959546 0.0236759 0.00964428 0.0144205 0.0182849 0.0261971 0.00400974 0.00398179 
2750556 721200 22578 2 300 2 0.0772642 0.076961 0.0773753 0.0732126 0.0769657 0.0872907 0.0737045 0.0731362 0.0769786 0.0773777 
2750556 721200 22578 2 300 3 0.0522323 0.0507184 0.0592367 0.0828865 0.058857 0.0602361 0.0743291 0.0829584 0.0511485 0.0511371 
2750556 721200 22578 2 300 4 0.0405622 0.0405389 0.0445119 0.0829028 0.0444469 0.0600538 0.075005 0.0756839 0.040204 0.0402745 
2750556 721200 22578 2 300 5 0.0331556 0.0335504 0.0332096 0.101096 0.0330957 0.0622375 0.0742511 0.0784219 0.0332371 0.0329627 
2750556 721200 22578 2 300 6 0.0305052 0.0306129 0.0323688 0.086075 0.0343418 0.0600538 0.0558493 0.0877183 0.0284937 0.0289537 
2750556 721200 22578 2 300 7 0.0259599 0.0257938 0.0343199 0.0812698 0.0339368 0.0583434 0.0549645 0.0921411 0.0259067 0.025877 
2750556 721200 22578 2 300 8 0.0239621 0.024386 0.0342329 0.0893159 0.0337139 0.0552447 0.040735 0.0813235 0.0240148 0.0235141 
2750556 721200 22578 2 300 9 0.0217467 0.02355 0.0334575 0.0815551 0.0335699 0.0540198 0.0521187 0.0885786 0.0214729 0.0215316 
2750556 721200 22578 2 300 10 0.0182443 0.0182963 0.0332899 0.0930504 0.0328296 0.055616 0.0486379 0.0809912 0.017409 0.0185257 
2750556 721200 22578 2 300 11 0.0179115 0.0173822 0.0354147 0.0808097 0.0326642 0.0448742 0.0515569 0.0808458 0.016893 0.0171346 
2750556 721200 22578 2 300 12 0.0173429 0.017501 0.0328627 0.0808179 0.0323655 0.0444612 0.0455231 0.0874381 0.0159097 0.0159917 
2750556 721200 22578 2 300 13 0.015177 0.0174416 0.0330566 0.0804394 0.0337022 0.0474829 0.051983 0.0801627 0.0149169 0.0150464 
2750556 721200 22578 2 300 14 0.0154204 0.0173635 0.0319467 0.0811977 0.0333219 0.0512497 0.0490139 0.0825908 0.0145626 0.0142369 
4887406 1281600 40103 2 400 2 0.181873 0.176212 0.176642 0.169983 0.17821 0.204466 0.172238 0.17454 0.176791 0.17649 
4887406 1281600 40103 2 400 3 0.121121 0.120192 0.141022 0.218671 0.140665 0.141478 0.175819 0.175596 0.120674 0.120616 
4887406 1281600 40103 2 400 4 0.0964389 0.0968453 0.106014 0.179707 0.106161 0.140575 0.160402 0.175668 0.0945434 0.0972598 
4887406 1281600 40103 2 400 5 0.0757818 0.0756305 0.0741785 0.182229 0.0742309 0.145888 0.136653 0.181972 0.0738792 0.0737586 
4887406 1281600 40103 2 400 6 0.0654813 0.0734624 0.0741447 0.182388 0.0742572 0.12573 0.112704 0.182545 0.0659468 0.0669638 
4887406 1281600 40103 2 400 7 0.0595667 0.0574331 0.0767296 0.190122 0.0767881 0.137511 0.135568 0.194377 0.060285 0.0597845 
4887406 1281600 40103 2 400 8 0.0550061 0.0571257 0.0764988 0.189649 0.0763126 0.114789 0.123202 0.189191 0.0526806 0.0538019 
4887406 1281600 40103 2 400 9 0.0461428 0.0570139 0.0761697 0.207531 0.0762329 0.105403 0.122394 0.191346 0.0459813 0.0458579 
4887406 1281600 40103 2 400 10 0.0427012 0.040217 0.0765136 0.190995 0.0766275 0.0989211 0.106599 0.189515 0.0427819 0.0435598 
4887406 1281600 40103 2 400 11 0.0402535 0.0387074 0.0763297 0.190388 0.0755218 0.113712 0.120643 0.188941 0.0405332 0.0402772 
4887406 1281600 40103 2 400 12 0.0369338 0.0397952 0.0754908 0.188566 0.0765319 0.104993 0.113564 0.186675 0.0381722 0.0377377 
4887406 1281600 40103 2 400 13 0.0311427 0.038551 0.0759277 0.188702 0.0753462 0.112187 0.0947269 0.187432 0.030706 0.0324864 
4887406 1281600 40103 2 400 14 0.0307445 0.0388555 0.075777 0.18781 0.0759803 0.107107 0.144096 0.188581 0.0304685 0.030501 
7634256 2002000 62628 2 500 2 0.341897 0.339253 0.342445 0.334068 0.339135 0.398511 0.339585 0.343321 0.341888 0.341429 
7634256 2002000 62628 2 500 3 0.234174 0.234508 0.272139 0.345538 0.274151 0.276159 0.342149 0.347643 0.233621 0.234011 
7634256 2002000 62628 2 500 4 0.178379 0.177943 0.205989 0.380452 0.204184 0.276912 0.334575 0.355276 0.180166 0.177975 
7634256 2002000 62628 2 500 5 0.152953 0.157746 0.148945 0.392265 0.149379 0.284166 0.305157 0.357435 0.14911 0.148263 
7634256 2002000 62628 2 500 6 0.129631 0.142477 0.147599 0.393605 0.147311 0.245311 0.273959 0.399778 0.12764 0.12668 
7634256 2002000 62628 2 500 7 0.113259 0.115272 0.153146 0.372478 0.152809 0.269111 0.230224 0.374541 0.1157 0.114971 
7634256 2002000 62628 2 500 8 0.0962826 0.110511 0.152722 0.374277 0.151879 0.223897 0.249632 0.374846 0.0958616 0.0965658 
7634256 2002000 62628 2 500 9 0.0917528 0.109053 0.149602 0.372035 0.151544 0.220625 0.22843 0.382472 0.0923911 0.0927939 
7634256 2002000 62628 2 500 10 0.0836396 0.106858 0.154258 0.377827 0.153597 0.244833 0.241196 0.373304 0.0826757 0.0819598 
7634256 2002000 62628 2 500 11 0.0718012 0.0805964 0.152191 0.367928 0.149647 0.207785 0.24786 0.375704 0.0716217 0.0715697 
7634256 2002000 62628 2 500 12 0.0706526 0.0786458 0.151655 0.37522 0.149644 0.219401 0.247247 0.373626 0.0698819 0.070142 
7634256 2002000 62628 2 500 13 0.0656354 0.0802702 0.14972 0.387707 0.151373 0.191065 0.202691 0.374656 0.0659454 0.0663094 
7634256 2002000 62628 2 500 14 0.0610975 0.0805183 0.150715 0.368989 0.149653 0.252414 0.205009 0.397961 0.066142 0.0692342 
10991106 2882400 90153 2 600 2 0.580448 0.580004 0.584365 0.572814 0.580148 0.68869 0.579909 0.58218 0.578812 0.585506 
10991106 2882400 90153 2 600 3 0.405327 0.399563 0.475114 0.722378 0.474782 0.476425 0.592078 0.60117 0.400043 0.409885 
10991106 2882400 90153 2 600 4 0.317339 0.321931 0.357512 0.5951 0.366641 0.475783 0.452697 0.65548 0.335282 0.316754 
10991106 2882400 90153 2 600 5 0.257051 0.254629 0.249825 0.671102 0.248501 0.465362 0.521326 0.67144 0.251898 0.255631 
10991106 2882400 90153 2 600 6 0.220014 0.244368 0.247039 0.743279 0.248644 0.420561 0.460685 0.612951 0.216112 0.216834 
10991106 2882400 90153 2 600 7 0.203676 0.200804 0.258133 0.692359 0.257562 0.434055 0.416396 0.630805 0.198325 0.196477 
10991106 2882400 90153 2 600 8 0.171132 0.193851 0.257983 0.636589 0.257397 0.407386 0.484119 0.635159 0.173688 0.171449 
10991106 2882400 90153 2 600 9 0.157815 0.183717 0.257265 0.635808 0.256565 0.360496 0.447631 0.639156 0.153589 0.158179 
10991106 2882400 90153 2 600 10 0.147493 0.142392 0.256204 0.635477 0.255562 0.358095 0.414402 0.639188 0.140452 0.137722 
10991106 2882400 90153 2 600 11 0.129096 0.144115 0.25219 0.651124 0.254931 0.381136 0.406217 0.636848 0.129876 0.129562 
10991106 2882400 90153 2 600 12 0.117904 0.137159 0.243532 0.632869 0.255406 0.394326 0.380417 0.633417 0.120167 0.121623 
10991106 2882400 90153 2 600 13 0.107835 0.136104 0.254168 0.628661 0.257754 0.309541 0.348888 0.625405 0.104853 0.104929 
10991106 2882400 90153 2 600 14 0.105096 0.135 0.254025 0.636916 0.254874 0.33146 0.383909 0.62962 0.103183 0.102172 
14957956 3922800 122678 2 700 2 0.921675 0.919235 0.922372 0.913785 0.918474 1.09444 0.930918 0.920308 0.919624 0.919677 
14957956 3922800 122678 2 700 3 0.647181 0.642152 0.750885 1.03665 0.749783 0.762797 0.939731 1.05256 0.638411 0.636323 
14957956 3922800 122678 2 700 4 0.477339 0.47833 0.567079 0.945192 0.56589 0.751951 0.846328 0.971725 0.491747 0.499278 
14957956 3922800 122678 2 700 5 0.404645 0.40934 0.403213 1.07021 0.405275 0.779534 0.628027 0.987403 0.40289 0.40352 
14957956 3922800 122678 2 700 6 0.352943 0.386849 0.399198 0.982847 0.400886 0.663459 0.597209 1.08782 0.355974 0.352767 
14957956 3922800 122678 2 700 7 0.305434 0.314185 0.416471 1.00626 0.415813 0.651566 0.604788 1.0026 0.310922 0.306336 
14957956 3922800 122678 2 700 8 0.281816 0.308411 0.422746 1.06427 0.421304 0.664046 0.735085 1.04672 0.294359 0.286983 
14957956 3922800 122678 2 700 9 0.247274 0.317918 0.415842 1.02057 0.413822 0.641227 0.559824 1.02004 0.241381 0.235332 
14957956 3922800 122678 2 700 10 0.225224 0.22205 0.420403 1.11385 0.414884 0.485374 0.559073 1.01754 0.229771 0.22681 
14957956 3922800 122678 2 700 11 0.192391 0.218769 0.411687 1.01364 0.405885 0.525332 0.649579 1.02746 0.193767 0.196109 
14957956 3922800 122678 2 700 12 0.188803 0.218943 0.408302 1.01102 0.409463 0.661062 0.669397 1.02902 0.186965 0.186689 
14957956 3922800 122678 2 700 13 0.177081 0.21118 0.410306 1.00558 0.407003 0.563243 0.571784 1.14469 0.174172 0.177282 
14957956 3922800 122678 2 700 14 0.168667 0.208893 0.406894 1.0428 0.407188 0.526828 0.553872 1.01097 0.169032 0.16816 
19534806 5123200 160203 2 800 2 1.37228 1.36798 1.37424 1.37676 1.36901 1.63215 1.37553 1.35735 1.37673 1.36967 
19534806 5123200 160203 2 800 3 0.957727 0.951145 1.12809 1.39971 1.12547 1.1421 1.40817 1.39426 0.952551 0.945597 
19534806 5123200 160203 2 800 4 0.746787 0.742584 0.844962 1.40689 0.84696 1.1273 1.20565 1.40267 0.756015 0.76232 
19534806 5123200 160203 2 800 5 0.589943 0.602108 0.589408 1.59002 0.588825 1.15566 1.01232 1.57669 0.59032 0.588736 
19534806 5123200 160203 2 800 6 0.521496 0.584472 0.588655 1.45807 0.592324 1.05311 0.800272 1.45041 0.522118 0.523436 
19534806 5123200 160203 2 800 7 0.457704 0.458406 0.614337 1.48098 0.609328 0.902239 0.981548 1.62347 0.464075 0.458641 
19534806 5123200 160203 2 800 8 0.431754 0.456366 0.610851 1.93885 0.613158 0.845291 0.922394 1.4932 0.404677 0.406404 
19534806 5123200 160203 2 800 9 0.368878 0.45482 0.610512 1.66544 0.611007 0.660086 0.979266 1.50292 0.365594 0.362574 
19534806 5123200 160203 2 800 10 0.324365 0.329639 0.604909 1.52253 0.607459 0.792397 1.15809 1.49772 0.310606 0.313655 
19534806 5123200 160203 2 800 11 0.305645 0.309427 0.609977 1.50124 0.609103 0.88056 0.754402 1.49189 0.304533 0.302151 
19534806 5123200 160203 2 800 12 0.280698 0.308228 0.577142 1.49072 0.576506 0.776969 0.966812 1.52226 0.277784 0.276021 
19534806 5123200 160203 2 800 13 0.249154 0.305304 0.606434 1.51281 0.609942 1.08165 0.827738 1.51135 0.248858 0.24331 
19534806 5123200 160203 2 800 14 0.24134 0.305295 0.57234 1.49026 0.578237 0.742198 1.04973 1.47983 0.243201 0.249738 
