64 6 7
NTop NFop NCop DDL Nite Nthr 0.001 0.005 0.01 0.05 0.1 0.2 0.5
10991106 2882400 90153 2 600 8 0.174966 0.174791 0.175842 0.199542 0.263253 0.367667 0.65939 
2750556 721200 22578 2 300 1 0.148933 0.146974 0.146795 0.146799 0.146853 0.146788 0.146758 
7634256 2002000 62628 2 500 10 0.0853603 0.084464 0.0862598 0.0887368 0.153253 0.198693 0.382804 
7634256 2002000 62628 2 500 12 0.072905 0.0707181 0.071323 0.0810007 0.152389 0.167399 0.373746 
1223706 320800 10053 2 200 1 0.0455903 0.0434129 0.0434844 0.0434126 0.0434206 0.0434181 0.0434004 
7634256 2002000 62628 2 500 14 0.0646579 0.0625199 0.0616119 0.0827057 0.149715 0.195243 0.395981 
306856 80400 2528 2 100 12 0.00123161 0.00133837 0.00115819 0.00122891 0.00167238 0.00204776 0.00332905 
7634256 2002000 62628 2 500 8 0.0987257 0.0977202 0.0978504 0.113805 0.155984 0.255915 0.380522 
7634256 2002000 62628 2 500 6 0.128974 0.130894 0.131414 0.145494 0.149169 0.261138 0.402989 
4887406 1281600 40103 2 400 12 0.0381949 0.0371887 0.0382109 0.0389403 0.0776807 0.122767 0.194643 
306856 80400 2528 2 100 14 0.000989121 0.000875326 0.000884117 0.00110067 0.00155686 0.00224452 0.00320485 
7634256 2002000 62628 2 500 1 0.677352 0.674567 0.674558 0.674385 0.674402 0.67438 0.674334 
306856 80400 2528 2 100 2 0.00468816 0.00468665 0.00440507 0.00368782 0.00330315 0.00349094 0.00297273 
10991106 2882400 90153 2 600 4 0.327067 0.322049 0.319885 0.322412 0.363555 0.48622 0.67874 
4887406 1281600 40103 2 400 8 0.0538882 0.0539928 0.054764 0.0582974 0.0782306 0.131244 0.194357 
306856 80400 2528 2 100 4 0.00300008 0.002579 0.00227266 0.00205441 0.00185688 0.00240943 0.00360498 
2750556 721200 22578 2 300 14 0.0158139 0.0144864 0.0146405 0.0177043 0.0340719 0.0425545 0.0904567 
10991106 2882400 90153 2 600 1 1.16151 1.16042 1.16008 1.16008 1.16003 1.16111 1.15991 
10991106 2882400 90153 2 600 2 0.596131 0.592085 0.592911 0.592744 0.593276 0.701643 0.582569 
19534806 5123200 160203 2 800 1 2.74906 2.74805 2.74706 2.74664 2.74662 2.74663 2.74741 
10991106 2882400 90153 2 600 6 0.224106 0.221386 0.219532 0.247906 0.253246 0.424313 0.629754 
14957956 3922800 122678 2 700 10 0.2288 0.229569 0.229047 0.238892 0.422549 0.503456 1.02871 
14957956 3922800 122678 2 700 14 0.169368 0.168765 0.166738 0.2141 0.4157 0.53676 1.0294 
10991106 2882400 90153 2 600 12 0.122238 0.122448 0.121981 0.136015 0.260424 0.392656 0.709034 
2750556 721200 22578 2 300 10 0.0191613 0.0179531 0.0177467 0.0181951 0.0337951 0.0522359 0.082139 
2750556 721200 22578 2 300 12 0.0185253 0.0161811 0.0162978 0.0177576 0.0334586 0.0581628 0.082023 
1223706 320800 10053 2 200 10 0.00755929 0.00632136 0.00608214 0.00617801 0.00973035 0.0125082 0.0239067 
306856 80400 2528 2 100 10 0.0012887 0.0012137 0.00110778 0.00116939 0.00167961 0.00189175 0.00378841 
14957956 3922800 122678 2 700 2 0.937225 0.937773 0.936957 0.93879 0.936948 1.11315 0.931686 
14957956 3922800 122678 2 700 6 0.363026 0.35922 0.361284 0.394182 0.407395 0.724407 1.00337 
4887406 1281600 40103 2 400 4 0.101464 0.096126 0.0958965 0.0992109 0.107639 0.143371 0.214663 
2750556 721200 22578 2 300 2 0.0813226 0.0787276 0.0778277 0.0780954 0.0777549 0.0881817 0.0732806 
306856 80400 2528 2 100 1 0.00741166 0.00587667 0.0057723 0.00562298 0.00558899 0.00561256 0.00553919 
1223706 320800 10053 2 200 14 0.00518481 0.00448302 0.004053 0.00594794 0.0105502 0.0181343 0.0266208 
2750556 721200 22578 2 300 6 0.0316051 0.0292574 0.0293026 0.0317362 0.0326362 0.063615 0.0878908 
14957956 3922800 122678 2 700 4 0.487706 0.487072 0.486674 0.487513 0.577641 0.772993 1.06299 
1223706 320800 10053 2 200 2 0.0254954 0.0226317 0.0226847 0.0227317 0.0228236 0.0261776 0.0217106 
1223706 320800 10053 2 200 8 0.00943458 0.00729794 0.00711917 0.00755147 0.00986223 0.0165124 0.024235 
19534806 5123200 160203 2 800 8 0.408388 0.426253 0.420283 0.46607 0.623318 0.864318 1.52609 
4887406 1281600 40103 2 400 14 0.0320223 0.031119 0.03157 0.0389642 0.0777926 0.100538 0.192532 
2750556 721200 22578 2 300 4 0.0442577 0.0425644 0.0411441 0.0409245 0.0451951 0.0610507 0.077208 
19534806 5123200 160203 2 800 6 0.538419 0.530472 0.533109 0.594034 0.599005 1.01956 1.6252 
10991106 2882400 90153 2 600 10 0.142601 0.140337 0.144552 0.151288 0.262032 0.333326 0.652097 
14957956 3922800 122678 2 700 1 1.84757 1.84622 1.84712 1.84723 1.84675 1.84677 1.8466 
4887406 1281600 40103 2 400 1 0.347739 0.34494 0.344875 0.34498 0.34483 0.344878 0.344797 
4887406 1281600 40103 2 400 2 0.180474 0.178726 0.179079 0.17908 0.180157 0.208715 0.172911 
7634256 2002000 62628 2 500 2 0.350976 0.346841 0.347004 0.347518 0.347237 0.407056 0.340218 
14957956 3922800 122678 2 700 12 0.190586 0.189085 0.194505 0.21647 0.421282 0.462602 1.13192 
1223706 320800 10053 2 200 12 0.00614548 0.00515513 0.00512301 0.00574304 0.00987799 0.0144994 0.0242915 
306856 80400 2528 2 100 6 0.00183504 0.00168615 0.00157637 0.00145513 0.00154958 0.00206756 0.00335602 
4887406 1281600 40103 2 400 6 0.0693604 0.0679518 0.0674226 0.074442 0.0748246 0.134955 0.191026 
19534806 5123200 160203 2 800 14 0.247349 0.246701 0.244894 0.314408 0.613886 0.868793 1.69251 
19534806 5123200 160203 2 800 2 1.39518 1.39575 1.3971 1.39455 1.39061 1.66245 1.41779 
306856 80400 2528 2 100 8 0.00149359 0.0013789 0.00128521 0.00123003 0.00159167 0.00239378 0.00379575 
19534806 5123200 160203 2 800 4 0.757779 0.760536 0.75066 0.757618 0.858916 1.15047 1.57115 
7634256 2002000 62628 2 500 4 0.189441 0.184137 0.183429 0.183493 0.208754 0.281206 0.352933 
4887406 1281600 40103 2 400 10 0.044669 0.0437796 0.0440049 0.040677 0.0779196 0.120046 0.193325 
1223706 320800 10053 2 200 6 0.0111274 0.00917722 0.00935766 0.00893303 0.00950708 0.0186817 0.0280396 
2750556 721200 22578 2 300 8 0.023907 0.0243697 0.0234484 0.0259092 0.0345401 0.0491715 0.0829189 
10991106 2882400 90153 2 600 14 0.10547 0.107145 0.104933 0.139954 0.259326 0.379336 0.643055 
1223706 320800 10053 2 200 4 0.0132358 0.0127074 0.0129714 0.0128088 0.013612 0.0181286 0.0253594 
19534806 5123200 160203 2 800 10 0.328614 0.326121 0.323602 0.334456 0.622171 0.861191 1.55008 
14957956 3922800 122678 2 700 8 0.284078 0.283868 0.289698 0.315323 0.421054 0.665696 1.03256 
19534806 5123200 160203 2 800 12 0.285821 0.28331 0.284258 0.310503 0.611594 0.737353 1.81472 
