0.0103087
0.0078125
0.03125
0.0103087
0.0236831
0.0103087
0.0179484
0.164938
0.00592077
0.00592077
0.0236831
0.0179484
0.0544094
0.0179484
0.0179484
0.0412346
0.125
0.0103087
0.00592077
0.0136024
0.0717936
0.0078125
0.00257716
0.00257716
0.0078125
0.217638
0.0078125
0.0136024
0.0044871
0.00340059
0.0078125
0.0078125
0.125
0.0544094
0.0136024
0.0044871
0.0103087
0.0236831
0.03125
0.0044871
0.0103087
0.0103087
0.0236831
0.0078125
0.164938
0.0078125
0.0236831
0.0179484
0.0236831
0.164938
0.0717936
0.0136024
0.0103087
0.0136024
0.0717936
0.0136024

