0.00592077
0.00257716
0.0103087
0.0118415
0.03125
0.0136024
0.03125
0.189465
0.00340059
0.00592077
0.0078125
0.00897421
0.0947323
0.0078125
0.0078125
0.0473661
0.5
0.0103087
0.0044871
0.03125
0.0947323
0.00897421
0.00257716
0.00296038
0.0078125
0.5
0.0118415
0.00680118
0.00680118
0.00340059
0.0103087
0.00390625
0.435275
0.0824692
0.00897421
0.015625
0.00340059
0.0118415
0.0412346
0.00592077
0.00592077
0.015625
0.0103087
0.0078125
0.5
0.015625
0.0136024
0.0272047
0.5
0.0824692
0.0236831
0.0179484
0.00515433
0.0103087
0.0824692
0.0236831

