278 6 5
NTop NFop NCop DDL Nite Nthr 0.5 0.125 0.03125 0.0078125 0.001923125
802 300 101 1 100 12 0.00432835 0.00137498 0.000839272 0.000805756 0.000794185 
0 0 0 0 10000000 4 0.232064 0.117514 0.11683 0.119645 0.119363 
2111 804 102 1 100 10 9.89376e-05 7.97824e-05 0.000220762 0.000206577 0.000196408 
60002 20000 10001 1 10000 16 0.462582 0.214046 0.0782946 0.0611231 0.0614851 
30518506 8004000 250253 2 1000 6 2.85325 1.44588 1.00221 1.00462 1.0111 
90204 20000 20102 2 1000 6 0.0944972 0.0476995 0.0329242 0.0327527 0.032948 
8 8 0 0 10000 6 0.000388203 0.000231263 0.000232387 0.000231005 0.000229555 
802 300 101 1 100000 12 2.71144 1.16842 0.481548 0.44236 0.449308 
802 300 101 1 100000 6 2.38326 1.20386 0.824401 0.825082 0.804353 
68652756 18006000 562878 2 1500 16 9.85179 4.28465 1.74711 1.37726 1.35589 
105011 40004 5002 1 5000 16 0.0683936 0.0279089 0.0117813 0.0100405 0.00919206 
6002 2000 1001 1 1000 16 0.00522418 0.00209453 0.000935179 0.00084185 0.000835173 
10511 4004 502 1 500 6 0.000966294 0.00045195 0.000393284 0.000385194 0.000366224 
7634256 2002000 62628 2 500 6 0.363396 0.182632 0.128627 0.131059 0.129306 
7634256 2002000 62628 2 500 12 0.37395 0.177163 0.0727892 0.0706651 0.0703625 
602 200 101 1 100 4 0.0001457 0.000161954 0.000185424 0.000188191 0.000188392 
6002 2000 1001 1 1000 6 0.00530286 0.00229278 0.00164315 0.00164077 0.00152994 
190671256 50010000 1563128 2 2500 2 42.5605 43.1529 43.0295 42.8666 43.0975 
90204 20000 20102 2 5000 4 0.496622 0.249744 0.250231 0.250207 0.250212 
2 2 0 0 10000 14 0.000497083 0.000230814 0.000238453 0.000264922 0.000260187 
306856 80400 2528 2 100 10 0.00451454 0.0018203 0.000964938 0.000918383 0.000879138 
10020206 1000000 1010103 3 100 2 0.627401 0.583236 0.540725 0.553396 0.550658 
60002 20000 10001 1 10000 14 0.449512 0.169327 0.0832883 0.0680693 0.0667122 
122037006 32008000 1000503 2 2000 2 21.6018 21.9113 21.9114 21.965 21.9504 
68652756 18006000 562878 2 1500 8 9.73702 4.98227 2.61289 2.61841 2.61275 
90204 20000 20102 2 1000 2 0.0890091 0.0900491 0.0900236 0.090169 0.09014 
8 8 0 0 1000 6 0.000116924 0.000116773 0.000173257 0.000177318 0.000159729 
30518506 8004000 250253 2 1000 14 2.8676 1.30304 0.553976 0.476165 0.471268 
10511 4004 502 1 500 2 0.000627746 0.000713121 0.000713307 0.000710838 0.00071152 
90204 20000 20102 2 5000 8 0.526955 0.264797 0.135575 0.135845 0.135491 
105011 40004 5002 1 5000 6 0.0688664 0.034014 0.0231593 0.0225516 0.0226451 
210011 80004 10002 1 10000 2 0.244081 0.248128 0.247965 0.24827 0.24974 
10020206 1000000 1010103 3 100 8 0.692702 0.292004 0.181946 0.177276 0.182536 
21011 8004 1002 1 1000 10 0.00270304 0.00138212 0.000733292 0.000710096 0.00069924 
90204 20000 20102 2 100000 6 10.563 5.31987 3.56038 3.56102 3.56158 
2 2 0 0 1000 16 0.000120183 0.00010058 0.000239153 0.000302943 0.000306258 
190671256 50010000 1563128 2 2500 16 44.0981 15.0984 7.95827 6.34097 6.19626 
602 200 101 1 100 10 0.000133519 9.87943e-05 0.00023298 0.000210635 0.00020317 
90204 20000 20102 2 10000 16 1.24876 0.485529 0.16884 0.165193 0.163128 
420011 160004 20002 1 20000 10 1.09072 0.534078 0.271141 0.226086 0.22383 
802 300 101 1 1000 2 0.0247241 0.0244721 0.0226008 0.0226904 0.0226081 
802 300 101 1 100 14 0.00383017 0.00153289 0.000776527 0.000761061 0.000748039 
6002 2000 1001 1 1000 4 0.0067786 0.00243003 0.00222663 0.00217447 0.00213497 
8 8 0 0 100000 4 0.00383176 0.0017755 0.00182028 0.00181841 0.00185183 
90204 20000 20102 2 10000 12 1.14784 0.486187 0.215845 0.205477 0.202303 
2 2 0 0 100000 12 0.00436207 0.00174182 0.000972113 0.00091301 0.00087021 
210011 80004 10002 1 10000 16 0.274493 0.124901 0.0434078 0.040501 0.037996 
122037006 32008000 1000503 2 2000 12 22.6112 9.29679 4.64789 4.25066 4.27579 
80080406 8000000 8040203 3 200 10 11.5889 3.92392 2.1461 2.21225 1.97423 
802 300 101 1 1000 12 0.0261848 0.0124533 0.00480469 0.0045201 0.0046629 
0 0 0 0 10000000 16 0.250298 0.107314 0.0390553 0.0357687 0.0353855 
802 300 101 1 100 2 0.00358458 0.00321613 0.00281898 0.00254612 0.00243402 
210011 80004 10002 1 10000 14 0.27261 0.127835 0.051301 0.0413025 0.0429817 
10020206 1000000 1010103 3 100 10 0.656274 0.319177 0.145963 0.153356 0.152448 
2111 804 102 1 100 2 8.99e-05 0.000209473 0.00021164 0.000212294 0.00020815 
8 8 0 0 100000 6 0.00381831 0.00178708 0.00130592 0.0012658 0.00129272 
8 8 0 0 1000 8 7.70095e-05 5.12744e-05 0.000130885 0.000128199 0.00011741 
8 8 0 0 100000 16 0.00496712 0.00202829 0.000765432 0.000767512 0.000728117 
90204 20000 20102 2 1000 4 0.0913117 0.0466929 0.0474747 0.0477298 0.0483133 
10020206 1000000 1010103 3 100 12 1.0215 0.26777 0.114423 0.112093 0.111331 
190671256 50010000 1563128 2 2500 10 44.2139 20.5728 11.3892 9.87722 10.0187 
802 300 101 1 100000 10 2.46852 1.24233 0.603815 0.51417 0.526087 
802 300 101 1 1000 4 0.0234057 0.0117186 0.0120864 0.0123448 0.0118324 
30518506 8004000 250253 2 1000 8 2.91112 1.48977 0.773362 0.796162 0.77793 
2 2 0 0 1000 14 0.000142506 9.26022e-05 0.000248668 0.000310875 0.000279376 
802 300 101 1 1000 8 0.0276225 0.012555 0.00669358 0.00684731 0.00668258 
2111 804 102 1 100 8 6.65092e-05 9.15476e-05 0.000121284 0.000114443 0.000111762 
420011 160004 20002 1 20000 4 1.00311 0.516264 0.510563 0.512881 0.510662 
2 2 0 0 10000 2 0.000455406 0.000554586 0.000530739 0.000528994 0.000507006 
8 8 0 0 10000 16 0.00062897 0.000269362 0.000298928 0.000325801 0.000316517 
802 300 101 1 100000 16 2.4884 1.0592 0.35961 0.343664 0.328242 
210011 80004 10002 1 10000 6 0.269852 0.131222 0.0895977 0.0894956 0.0891606 
802 300 101 1 100 8 0.0035813 0.00155063 0.00102355 0.000981115 0.000944875 
7634256 2002000 62628 2 500 10 0.380583 0.18021 0.0886985 0.0846694 0.0846624 
210011 80004 10002 1 10000 8 0.280588 0.13108 0.0702991 0.0703378 0.0700175 
8 8 0 0 10000 10 0.000644208 0.000309359 0.000284213 0.00029464 0.000284608 
80080406 8000000 8040203 3 200 8 9.4636 4.47385 2.59863 2.61105 2.62335 
8 8 0 0 1000 10 9.77864e-05 7.84679e-05 0.000271222 0.000202936 0.000194086 
10020206 1000000 1010103 3 100 6 0.694606 0.282838 0.226668 0.222441 0.222442 
8 8 0 0 10000 12 0.000585615 0.00031516 0.00025493 0.000279619 0.000261682 
30518506 8004000 250253 2 1000 4 2.7879 1.41301 1.43356 1.45327 1.46271 
8 8 0 0 100000 14 0.00441746 0.00182477 0.000830653 0.000751615 0.000755706 
8 8 0 0 1000 4 0.000132425 0.000144211 0.000184124 0.000174715 0.000178794 
21011 8004 1002 1 1000 16 0.00283107 0.00130684 0.000539651 0.000545724 0.000525422 
7634256 2002000 62628 2 500 14 0.37157 0.189155 0.0679618 0.0632047 0.0622063 
306856 80400 2528 2 100 8 0.00438063 0.00177937 0.00114833 0.00108773 0.00104557 
90204 20000 20102 2 50000 2 4.95949 4.95499 4.95287 4.95892 4.95874 
68652756 18006000 562878 2 1500 4 9.31933 4.97856 4.82084 4.80747 4.91746 
2 2 0 0 10000 12 0.000453096 0.000240296 0.000247219 0.000261058 0.000249093 
80080406 8000000 8040203 3 200 4 9.48811 4.5677 4.61814 4.66643 4.65219 
30518506 8004000 250253 2 1000 12 2.89434 1.33482 0.580609 0.536691 0.5369 
2 2 0 0 100 2 2.24594e-05 8.74202e-05 8.89837e-05 8.39541e-05 8.86627e-05 
2111 804 102 1 100 16 0.000104651 7.77942e-05 0.000195016 0.00022054 0.000213291 
306856 80400 2528 2 100 4 0.00445742 0.00196464 0.00186982 0.00178325 0.00174048 
602 200 101 1 100 16 0.000175917 0.000115373 0.000292568 0.000328577 0.000320447 
90204 20000 20102 2 100000 4 11.2573 5.17756 5.17706 5.17605 5.16169 
2 2 0 0 100000 2 0.00393529 0.0033919 0.00298038 0.00276973 0.00277505 
80080406 8000000 8040203 3 200 6 9.79754 4.66859 3.35513 3.38004 3.2941 
420011 160004 20002 1 20000 6 1.04004 0.527776 0.355732 0.357719 0.35563 
90204 20000 20102 2 5000 10 0.53605 0.252912 0.133844 0.119328 0.116621 
420011 160004 20002 1 20000 8 1.07444 0.55977 0.278887 0.279272 0.278211 
105011 40004 5002 1 5000 14 0.0677446 0.0292055 0.0132143 0.0110474 0.0108902 
8 8 0 0 1000 12 0.000149334 9.53983e-05 0.0002642 0.000281821 0.000301506 
90204 20000 20102 2 10000 6 1.04485 0.525391 0.35311 0.352605 0.352403 
90204 20000 20102 2 1000 12 0.103545 0.0505317 0.0208542 0.0203587 0.0205916 
2 2 0 0 100000 8 0.00302095 0.00153005 0.000924757 0.000892534 0.000877757 
7634256 2002000 62628 2 500 4 0.385191 0.187739 0.180121 0.180139 0.181934 
60002 20000 10001 1 10000 4 0.408512 0.207956 0.206536 0.206681 0.206843 
2 2 0 0 1000000 14 0.0307821 0.0134924 0.00571726 0.00505132 0.0048933 
2 2 0 0 100 4 6.03185e-05 0.000152147 0.000166473 0.000160641 0.000159875 
190671256 50010000 1563128 2 2500 14 43.7874 13.8801 8.80753 7.43559 7.43333 
802 300 101 1 10000 14 0.248681 0.118056 0.0466199 0.0382985 0.0386089 
105011 40004 5002 1 5000 12 0.0737988 0.0328706 0.0132895 0.0126434 0.0121194 
7634256 2002000 62628 2 500 16 0.3767 0.181648 0.0632078 0.0493509 0.0503603 
602 200 101 1 100 8 0.000143568 0.000139033 0.000191183 0.000171448 0.000167963 
2111 804 102 1 100 12 0.000119992 9.18819e-05 0.000236455 0.000215199 0.000203173 
8 8 0 0 10000 4 0.000690714 0.000347871 0.00038988 0.000383956 0.000364177 
122037006 32008000 1000503 2 2000 10 22.8647 10.1027 5.82173 5.01034 4.98439 
210011 80004 10002 1 10000 10 0.269751 0.120575 0.0674971 0.0574463 0.0568183 
90204 20000 20102 2 50000 6 5.17657 2.62847 1.76687 1.76262 1.76281 
802 300 101 1 10000 6 0.288996 0.120704 0.0806032 0.080574 0.082627 
802 300 101 1 10000 2 0.224826 0.224798 0.224928 0.224903 0.224732 
21011 8004 1002 1 1000 14 0.00267722 0.00137996 0.000597011 0.000586943 0.000583994 
2111 804 102 1 100 6 0.000110252 0.00016541 0.000198592 0.000179325 0.000174693 
21011 8004 1002 1 1000 8 0.0031062 0.00145973 0.000807528 0.000824062 0.000805754 
8 8 0 0 1000 14 0.000144149 0.000105245 0.000255396 0.000341896 0.000270559 
2 2 0 0 100000 10 0.00395381 0.00177859 0.00114688 0.00105477 0.00101956 
90204 20000 20102 2 100000 2 10.0242 10.0103 10.0016 10.0067 9.99895 
602 200 101 1 100 6 0.000139706 0.000151545 0.000202779 0.000180776 0.000180914 
90204 20000 20102 2 5000 6 0.511629 0.257349 0.173771 0.174243 0.173944 
2 2 0 0 1000 6 6.51088e-05 7.37157e-05 0.000112198 0.000108583 0.000106215 
802 300 101 1 10000 8 0.25 0.118958 0.0643384 0.0629169 0.0660317 
80080406 8000000 8040203 3 200 14 11.0187 4.46917 1.70949 1.53558 1.53413 
90204 20000 20102 2 100000 16 12.1659 5.45312 1.85781 1.62942 1.66301 
105011 40004 5002 1 5000 8 0.0677048 0.0331226 0.0177509 0.0177935 0.0178114 
2 2 0 0 10000 4 0.000416577 0.000285007 0.000323768 0.000304499 0.000305693 
802 300 101 1 100000 2 2.25208 2.25045 2.25052 2.25354 2.25172 
90204 20000 20102 2 10000 14 1.18313 0.468823 0.220348 0.190753 0.177868 
2 2 0 0 1000000 6 0.0285901 0.0143971 0.00990583 0.0098985 0.0096737 
90204 20000 20102 2 10000 10 1.11107 0.516453 0.27265 0.233984 0.246267 
602 200 101 1 100 14 0.000143375 0.000102537 0.000273832 0.000235748 0.000259993 
2 2 0 0 1000000 10 0.0298491 0.014261 0.00731601 0.00626392 0.00652633 
802 300 101 1 100000 8 2.43723 1.24372 0.627151 0.642656 0.642579 
90204 20000 20102 2 1000 8 0.0974963 0.0468717 0.0254297 0.0252959 0.02525 
306856 80400 2528 2 100 14 0.00409274 0.00168457 0.000667322 0.000695282 0.000693832 
10511 4004 502 1 500 10 0.00085721 0.000411683 0.000337708 0.000341941 0.00032262 
6002 2000 1001 1 1000 2 0.00409257 0.004033 0.00398719 0.00399891 0.00395892 
802 300 101 1 10000 16 0.250755 0.10665 0.0381446 0.0335852 0.034392 
7634256 2002000 62628 2 500 8 0.416728 0.18861 0.0970263 0.0978728 0.0977804 
6002 2000 1001 1 1000 8 0.00439589 0.00217028 0.00127472 0.00125077 0.00129015 
2 2 0 0 100000 4 0.00360218 0.00166465 0.00162485 0.0015291 0.00149068 
68652756 18006000 562878 2 1500 10 10.5861 4.26967 2.44217 2.15502 2.16786 
190671256 50010000 1563128 2 2500 8 44.3618 22.9091 12.1824 12.2625 12.2363 
8 8 0 0 1000 16 0.000127731 0.000100806 0.000237768 0.000340216 0.000292109 
802 300 101 1 100 16 0.00401426 0.00138346 0.000724899 0.00070961 0.00069544 
90204 20000 20102 2 50000 4 5.08562 2.56652 2.56231 2.62542 2.5664 
90204 20000 20102 2 10000 4 1.01668 0.511471 0.511832 0.512362 0.510593 
2 2 0 0 100 10 8.01619e-05 9.63135e-05 0.000250798 0.000243778 0.000216881 
190671256 50010000 1563128 2 2500 12 43.9369 15.0887 8.9143 8.33867 8.37243 
0 0 0 0 10000000 14 0.246536 0.121803 0.0454904 0.0397344 0.0387663 
10511 4004 502 1 500 12 0.000878702 0.000436119 0.000294718 0.000310811 0.000336736 
6002 2000 1001 1 1000 12 0.00551305 0.00256129 0.00112385 0.00109575 0.00103831 
0 0 0 0 10000000 6 0.241263 0.121774 0.084245 0.0848487 0.0849429 
306856 80400 2528 2 100 12 0.00390651 0.00156144 0.000859989 0.000878795 0.000847942 
60002 20000 10001 1 10000 8 0.446982 0.209186 0.112999 0.112411 0.11304 
10511 4004 502 1 500 8 0.000712951 0.000392907 0.000299064 0.000290796 0.00028894 
2 2 0 0 100000 14 0.00394608 0.00178532 0.000782161 0.000706544 0.000703041 
210011 80004 10002 1 10000 12 0.271317 0.129964 0.0522418 0.0479995 0.0486084 
21011 8004 1002 1 1000 2 0.00254662 0.00249266 0.00249377 0.00264582 0.00249003 
68652756 18006000 562878 2 1500 6 9.57597 4.85529 3.35156 3.34676 3.34282 
0 0 0 0 10000000 2 0.225557 0.221306 0.224117 0.227469 0.223356 
105011 40004 5002 1 5000 10 0.0677086 0.030923 0.0170853 0.0145098 0.0143741 
802 300 101 1 100 4 0.00272381 0.00136912 0.00140144 0.00139984 0.00140276 
68652756 18006000 562878 2 1500 14 9.54176 3.47219 1.84819 1.55881 1.55136 
90204 20000 20102 2 1000 14 0.107612 0.0398048 0.0207529 0.0180782 0.0178211 
420011 160004 20002 1 20000 2 0.974375 0.981738 0.978618 0.980455 0.976926 
802 300 101 1 10000 4 0.232407 0.116333 0.116367 0.116328 0.119165 
10511 4004 502 1 500 16 0.00086232 0.000436595 0.000266778 0.000298023 0.000273361 
2 2 0 0 1000 4 5.58301e-05 7.68194e-05 0.000107202 0.000102259 0.000106169 
2 2 0 0 100 6 5.88481e-05 0.000132095 0.000154235 0.000138328 0.00013976 
8 8 0 0 100000 8 0.00441496 0.00194308 0.00106177 0.00110514 0.00103215 
90204 20000 20102 2 5000 2 0.482082 0.482341 0.483143 0.482514 0.482823 
802 300 101 1 1000 16 0.0269413 0.011946 0.00420106 0.00352858 0.00355194 
2 2 0 0 10000 10 0.000529922 0.000277633 0.000258796 0.000261881 0.000255202 
306856 80400 2528 2 100 2 0.0043341 0.00375496 0.00330024 0.00305426 0.00302758 
90204 20000 20102 2 100000 10 11.0762 4.15984 2.7732 2.42999 2.43774 
802 300 101 1 100 6 0.00292614 0.0012157 0.00106681 0.0010581 0.00106116 
802 300 101 1 1000 14 0.0262715 0.0111757 0.00472231 0.00396015 0.00390174 
105011 40004 5002 1 5000 2 0.061194 0.0621347 0.061585 0.0617888 0.0618691 
10511 4004 502 1 500 4 0.000965888 0.000490551 0.000495189 0.000500949 0.000476864 
90204 20000 20102 2 5000 12 0.550192 0.217616 0.107648 0.0994109 0.101611 
8 8 0 0 100000 12 0.00419556 0.00192727 0.000801809 0.000807911 0.000787912 
8 8 0 0 100000 10 0.0043066 0.00192263 0.000983814 0.000905255 0.000885866 
68652756 18006000 562878 2 1500 2 9.20516 9.13875 9.1421 9.13846 9.2057 
7634256 2002000 62628 2 500 2 0.338514 0.352575 0.344289 0.344824 0.344079 
90204 20000 20102 2 5000 16 0.619112 0.253992 0.101384 0.0780002 0.0764532 
6002 2000 1001 1 1000 10 0.00556695 0.00240979 0.00127434 0.00125333 0.00119343 
2 2 0 0 1000000 4 0.0279144 0.0138921 0.0142646 0.013941 0.0143608 
420011 160004 20002 1 20000 12 1.07286 0.461032 0.208396 0.200945 0.202279 
105011 40004 5002 1 5000 4 0.0631061 0.0323011 0.0322443 0.0333125 0.0323654 
30518506 8004000 250253 2 1000 10 2.92948 1.38939 0.708109 0.634534 0.641682 
2111 804 102 1 100 14 0.000103162 7.38029e-05 0.000236651 0.000249542 0.000224573 
2111 804 102 1 100 4 7.56105e-05 0.00011919 0.000111796 0.000103402 0.000105002 
0 0 0 0 10000000 12 0.246999 0.111584 0.0473237 0.0449092 0.0447715 
10020206 1000000 1010103 3 100 16 0.824571 0.226352 0.111889 0.0921629 0.0928832 
2 2 0 0 100000 6 0.00359937 0.00164945 0.00115862 0.00110265 0.00108207 
420011 160004 20002 1 20000 14 1.06093 0.491703 0.204615 0.17723 0.179564 
2 2 0 0 100 8 4.39095e-05 8.07322e-05 0.000117427 0.000112107 0.000110026 
90204 20000 20102 2 50000 16 6.02378 2.24259 0.915342 0.811792 0.793969 
190671256 50010000 1563128 2 2500 4 43.2815 22.2476 22.4109 22.9643 22.5205 
122037006 32008000 1000503 2 2000 6 22.3097 11.5664 7.91103 7.91921 7.9166 
8 8 0 0 1000 2 0.000104848 0.000208136 0.00020985 0.000211163 0.00021066 
2 2 0 0 1000000 2 0.0267889 0.0267828 0.0268798 0.026766 0.0268102 
602 200 101 1 100 2 0.000117488 0.000230093 0.000213398 0.000213157 0.000213343 
2 2 0 0 1000000 16 0.030346 0.0122212 0.00502623 0.00434221 0.00415866 
90204 20000 20102 2 50000 8 5.25163 2.68109 1.37282 1.36816 1.40086 
2 2 0 0 100000 16 0.00411396 0.00171525 0.00068429 0.00070298 0.000673044 
80080406 8000000 8040203 3 200 2 10.3688 8.8166 8.92375 8.86118 8.98734 
122037006 32008000 1000503 2 2000 4 22.1601 11.3423 11.4338 11.3869 11.3688 
2 2 0 0 100 16 8.93032e-05 0.000102441 0.0002766 0.000265483 0.000272456 
10020206 1000000 1010103 3 100 14 0.834801 0.268541 0.109983 0.097602 0.0981875 
90204 20000 20102 2 50000 14 5.72705 2.46161 1.09758 0.924715 0.892005 
2 2 0 0 1000000 8 0.0327931 0.0142081 0.0077701 0.00776311 0.00793102 
802 300 101 1 100 10 0.0031861 0.00131902 0.000895249 0.000848912 0.00083384 
2 2 0 0 1000 8 0.000110525 8.67768e-05 0.00023077 0.000207245 0.000181854 
10511 4004 502 1 500 14 0.000876225 0.000432005 0.00029662 0.000307515 0.000284401 
122037006 32008000 1000503 2 2000 16 23.1633 8.88786 3.99097 3.09599 3.18575 
90204 20000 20102 2 100000 8 10.5023 4.58746 2.90748 2.77024 2.76507 
6002 2000 1001 1 1000 14 0.00576335 0.00244286 0.00102588 0.000950867 0.000933447 
802 300 101 1 10000 12 0.246898 0.11569 0.0469591 0.0433328 0.0442627 
60002 20000 10001 1 10000 10 0.443674 0.20421 0.107939 0.0918488 0.0939711 
2 2 0 0 1000 2 9.34634e-05 0.00021079 0.000201451 0.000200055 0.000197898 
2 2 0 0 10000 16 0.000528293 0.000282685 0.000282315 0.00034645 0.000332936 
122037006 32008000 1000503 2 2000 14 22.4119 8.13718 4.47209 3.66525 3.5783 
80080406 8000000 8040203 3 200 12 10.7421 3.73079 1.78513 1.8653 1.86807 
0 0 0 0 10000000 8 0.24849 0.126088 0.0678057 0.0652277 0.0655193 
190671256 50010000 1563128 2 2500 6 43.7466 22.6406 15.5437 15.5643 15.4789 
2 2 0 0 10000 8 0.000577246 0.00030128 0.00031687 0.00028873 0.000288154 
21011 8004 1002 1 1000 4 0.00271234 0.00146044 0.00144533 0.00139072 0.00136607 
122037006 32008000 1000503 2 2000 8 22.6753 11.1559 6.20232 6.20023 6.22971 
2 2 0 0 100 14 8.03754e-05 7.04245e-05 0.000229463 0.000257027 0.000271008 
80080406 8000000 8040203 3 200 16 14.1551 4.60316 1.74903 1.42728 1.44516 
90204 20000 20102 2 50000 10 5.5191 2.20212 1.37095 1.18613 1.16708 
90204 20000 20102 2 10000 2 0.988918 0.989906 0.989 0.989075 0.990277 
90204 20000 20102 2 5000 14 0.59384 0.255655 0.108467 0.0865893 0.0903558 
10020206 1000000 1010103 3 100 4 0.590645 0.313607 0.315013 0.315937 0.313228 
306856 80400 2528 2 100 6 0.00361208 0.00146052 0.00125287 0.00126238 0.0012852 
60002 20000 10001 1 10000 2 0.395713 0.400631 0.399128 0.400905 0.396526 
0 0 0 0 10000000 10 0.24413 0.115513 0.0589887 0.053372 0.0535843 
30518506 8004000 250253 2 1000 2 2.6737 2.78175 2.7283 2.71442 2.7011 
306856 80400 2528 2 100 16 0.00437645 0.00167554 0.000759286 0.000755272 0.000738441 
420011 160004 20002 1 20000 16 1.08793 0.471415 0.175249 0.146571 0.157357 
90204 20000 20102 2 1000 10 0.0993343 0.0424814 0.0246448 0.0219706 0.0229011 
602 200 101 1 100 12 0.000140397 0.000108966 0.000246873 0.000223783 0.000232156 
2 2 0 0 100 12 8.08063e-05 8.85288e-05 0.000227674 0.000215299 0.000219618 
802 300 101 1 10000 10 0.250351 0.112379 0.0609164 0.0510204 0.0517143 
802 300 101 1 100000 14 2.46583 1.04795 0.464718 0.396296 0.389452 
210011 80004 10002 1 10000 4 0.251449 0.129317 0.128317 0.12738 0.128068 
802 300 101 1 100000 4 2.543 1.16351 1.19294 1.16342 1.16311 
2 2 0 0 1000000 12 0.0299133 0.0141387 0.00575768 0.00558799 0.00528949 
8 8 0 0 10000 8 0.000745242 0.000373035 0.000338931 0.000315973 0.000314845 
90204 20000 20102 2 100000 12 11.5424 3.95383 2.18793 2.1022 2.03775 
90204 20000 20102 2 100000 14 11.5457 4.90689 2.2116 1.77434 1.77228 
2 2 0 0 1000 12 0.000125813 9.77152e-05 0.000247001 0.00030604 0.000255024 
90204 20000 20102 2 50000 12 5.6521 1.99197 1.08166 0.989458 1.02496 
60002 20000 10001 1 10000 6 0.421382 0.210773 0.144051 0.146319 0.143683 
90204 20000 20102 2 1000 16 0.112309 0.0435978 0.0174441 0.0147405 0.0146893 
21011 8004 1002 1 1000 6 0.00257023 0.00134615 0.00100594 0.00101332 0.00100637 
2 2 0 0 10000 6 0.000744411 0.000331272 0.000333707 0.000323672 0.000325599 
2 2 0 0 1000 10 0.000115277 7.47744e-05 0.000230503 0.000220219 0.000199174 
802 300 101 1 1000 10 0.0257389 0.0124918 0.00614173 0.00517513 0.00516533 
90204 20000 20102 2 10000 8 1.07276 0.539689 0.2751 0.274568 0.273683 
802 300 101 1 1000 6 0.0249503 0.0120982 0.00841473 0.00854149 0.0085332 
68652756 18006000 562878 2 1500 12 9.59852 4.19307 1.88628 1.76884 1.78418 
21011 8004 1002 1 1000 12 0.00276022 0.00132616 0.000620227 0.000622199 0.000620002 
60002 20000 10001 1 10000 12 0.458201 0.198067 0.0836132 0.0773757 0.0783718 
30518506 8004000 250253 2 1000 16 2.99263 1.42423 0.475002 0.399924 0.390122 
8 8 0 0 10000 14 0.000648832 0.000356292 0.000309469 0.000323686 0.000322219 
