2 7
N DLL 0.001 0.005 0.01 0.05 0.1 0.2 0.5
3000 2 0.00910138 0.00519889 0.00475381 0.00962937 0.0106123 0.0318802 0.0306338 
1000 2 0.00130439 0.00092646 0.000770278 0.000834473 0.00144126 0.00276198 0.0034229 
11000 2 0.00145352 0.000842055 0.000814722 0.000869974 0.00148258 0.00142728 0.0034547 
10000 2 0.0810031 0.055722 0.0522223 0.0754607 0.142534 0.271296 0.339934 
5000 2 0.00597675 0.0055851 0.00418776 0.00794918 0.0171554 0.0235532 0.0293248 
5000 2 0.0189001 0.0197627 0.0163649 0.032669 0.0789923 0.0760537 0.159214 
1000 2 0.00101692 0.000717941 0.000435304 0.000510218 0.000932168 0.000879162 0.00212221 
1000 2 0.00104376 0.000555974 0.000462188 0.000521597 0.000895989 0.0017153 0.00212353 
5000 2 0.0217007 0.00945702 0.00839928 0.0189112 0.0301361 0.0267129 0.0541486 
5000 2 0.01785 0.0111004 0.00824441 0.0154575 0.0281153 0.0262895 0.0522474 
