2 7
N DLL 0.001 0.005 0.01 0.05 0.1 0.2 0.5
1000 1 0.000502401 0.000491579 0.00046201 0.00045414 0.000434766 0.000452638 0.000379471 
1300 1 0.000527019 0.000470431 0.000468663 0.000410043 0.000461515 0.000412778 0.000399752 
5000 1 0.000376428 0.000286848 0.00028735 0.000295363 0.000222453 0.000260138 0.000278574 
1000 1 0.000228894 0.00018328 0.000168038 0.000187472 0.000131068 0.000107117 8.43192e-05 
2000 1 0.000283454 0.000214841 0.000203449 0.000207867 0.000195495 0.000132418 0.000126198 
3000 1 0.000332149 0.000221972 0.000242715 0.000221127 0.00018006 0.000163693 0.000167348 
10000 1 0.000568627 0.000481735 0.000503279 0.000450773 0.000483488 0.000558533 0.000664025 
400 1 0.000271879 0.000173243 0.000213883 0.000221487 0.000157812 0.000129646 7.23e-05 
1000 1 0.00024404 0.000211244 0.000210205 0.000171827 0.000135079 0.000111474 8.6643e-05 
5000 1 0.000362324 0.000262878 0.000268994 0.000274117 0.000244727 0.000228046 0.000258372 
