2 5
N DLL 0.001 0.005 0.01 0.05 0.1 0.2 0.5
1000 1 0.00038186 0.000246649 0.000274269 0.000266061 0.000231164 0.000224481 0.000201692 
2000 1 0.000581939 0.00044457 0.000453173 0.00040734 0.000428238 0.000404413 0.000414084 
3300 1 0.000816742 0.000700098 0.000690433 0.000727551 0.000718963 0.000653616 0.000700227 
4500 1 0.00109843 0.000893167 0.000936693 0.00105991 0.00096154 0.000902237 0.000920013 
8000 1 0.00188039 0.00166651 0.00167926 0.00167219 0.00170946 0.001591 0.00153367 
12000 1 0.00271804 0.00253486 0.00251942 0.00255578 0.00254034 0.00230688 0.00233601  
2500 1 0.000298415 0.000207368 0.000177607 0.000172705 0.00014547 0.000133278 0.000123684 
4300 1 0.000400717 0.000234136 0.000222142 0.000193051 0.000161975 0.000177038 0.000357265 
9000 1 0.000436481 0.000354555 0.00029163 0.000343688 0.000303024 0.000313234 0.000363255 
14100 1 0.000628806 0.00043508 0.000408317 0.000394491 0.00038612 0.000495557 0.000545267 
16000 1 0.000680628 0.000429451 0.000466632 0.000420824 0.00044853 0.000520269 0.000625217 
20000 1 0.000711326 0.000511063 0.0005329 0.000500387 0.000542034 0.000638365 0.000767088 
1100 2 0.00444665 0.00430441 0.00432157 0.00431666 0.00505108 0.00664735 0.00827394 
1700 2 0.010162 0.0100697 0.0100556 0.0100762 0.0118665 0.0157118 0.0195071 
2600 2 0.0232114 0.0230764 0.0231721 0.0230692 0.0274529 0.0364512 0.0454222 
3100 2 0.0328132 0.0326893 0.0326381 0.0326157 0.0389465 0.0517206 0.0645903 
4000 2 0.0542412 0.0540716 0.0540473 0.0541151 0.0646691 0.0859616 0.107306 
5000 2 0.0845953 0.0844378 0.0845003 0.0845898 0.100873 0.134236 0.167534 
1234 2 0.00148023 0.00149211 0.00140537 0.00144116 0.0017203 0.00172117 0.00351384 
2400 2 0.00527118 0.00526274 0.00510862 0.00536252 0.00562881 0.00630556 0.013057 
3400 2 0.00985626 0.0094676 0.00993947 0.0105033 0.0108786 0.0148951 0.0261271 
4400 2 0.0155281 0.0174358 0.0154199 0.0156146 0.0175947 0.032739 0.0583796 
5400 2 0.0291734 0.0255961 0.0235595 0.0294347 0.0325666 0.0351597 0.0658126 
6000 2 0.0298929 0.0288996 0.0314799 0.0314253 0.0347155 0.0391274 0.108431 
900 2 0.000320255 0.000153152 0.000144201 0.000161674 0.000124428 0.000106065 0.000104498 
3000 2 0.000452847 0.000224314 0.000219881 0.000248915 0.000213782 0.000218695 0.000444962 
5000 2 0.000525951 0.000322366 0.000314766 0.000292071 0.000306275 0.000344434 0.000375158 
7000 2 0.000574385 0.00038072 0.000398838 0.000369865 0.000383516 0.000476059 0.000534489 
9000 2 0.000640402 0.000473441 0.000449465 0.000438248 0.000446376 0.000562273 0.00063506 
10000 2 0.000713311 0.00051254 0.000458661 0.000513978 0.000481015 0.000607618 0.000715882 
1000 2 0.00247796 0.00237131 0.00235064 0.00230384 0.00265327 0.00347438 0.00424532 
2000 2 0.00893236 0.00884235 0.0088933 0.00889014 0.0104638 0.0136729 0.0170016 
3000 2 0.0197304 0.0193678 0.01942 0.0193542 0.0230698 0.0306156 0.0380982 
4000 2 0.0348112 0.0345272 0.034491 0.03486 0.0414926 0.0543516 0.0678267 
5000 2 0.0540081 0.0538046 0.0536286 0.0537939 0.0636856 0.0846491 0.105665 
6000 2 0.0792638 0.0775834 0.0775455 0.0782841 0.0916808 0.122036 0.152363 
1200 3 0.075649 0.0754973 0.0755406 0.075668 0.0904829 0.120467 0.150597 
1300 3 0.089616 0.0895269 0.089413 0.0893553 0.10615 0.141427 0.176729 
1800 3 0.170583 0.17057 0.1704 0.170437 0.203432 0.271022 0.338956 
2100 3 0.23224 0.232264 0.232109 0.23211 0.276946 0.368983 0.46114 
2400 3 0.301643 0.301376 0.301458 0.301503 0.361372 0.481831 0.602168 
2600 3 0.354974 0.354707 0.354747 0.354674 0.424231 0.565418 0.706912  
900 3 0.263913 0.270744 0.280191 0.280093 0.280173 0.369084 0.485553 
1000 3 0.343897 0.344184 0.348078 0.341043 0.382112 0.509559 0.65924 
1200 3 0.619632 0.62883 0.596684 0.634909 0.694725 0.90069 1.17068 
1300 3 0.758987 0.739543 0.745686 0.741208 0.834675 1.10512 1.46691 
1600 3 1.38446 1.37323 1.36679 1.38146 1.62114 2.08417 2.73549 
2000 3 2.72469 2.7524 2.7668 2.78464 3.16327 4.19002 5.24507 
2500 3 5.30289 5.577 5.30714 5.41635 6.20574 8.01905 10.7439 
3000 3 9.14683 9.24148 9.22496 9.17524 10.6093 14.6363 18.2963 
700 3 0.109559 0.111357 0.10965 0.110547 0.13403 0.173813 0.219563 
800 3 0.182877 0.173161 0.173845 0.173566 0.19331 0.27033 0.329869 
4000 3 21.891 21.9791 21.9812 21.977 24.6609 33.2177 41.6408 


600 3 0.0789232 0.0786739 0.0782699 0.0788039 0.0794524 0.119296 0.151532 
900 3 0.301143 0.260552 0.282685 0.280488 0.284818 0.397386 0.485421 
1100 3 0.450481 0.488448 0.46691 0.488518 0.529255 0.671795 0.894262 
1444 3 1.0689 1.05367 1.07308 1.07153 1.25313 1.66773 2.09263 
1555 3 1.27907 1.27712 1.2804 1.27944 1.50379 1.84767 2.47079 
500 3 0.277711 0.27752 0.277676 0.277601 0.324884 0.43318 0.541697 
1111 3 2.98636 2.98589 2.98575 2.98685 3.55163 4.73337 5.91592 
1331 3 5.14073 5.14576 5.14168 5.14274 6.10224 8.13956 10.1757 
1551 3 8.05815 8.05434 8.05799 8.05413 9.65454 12.8718 16.0871 
1771 3 12.0188 12.0182 12.0189 12.026 14.3752 19.1572 23.9461 
2100 3 20.0869 20.0843 20.098 20.0888 23.9637 31.9424 39.9276 
3100 3 64.3197 64.3155 64.3058 64.3067 77.0297 102.703 128.363 
