315 5 5
num_ops num_float_ops num_comp_ops deepest_loop_level num_threads num_lambda_iter t(0.001) t(0.01) t(0.1) t(1) t(1.1)
../functions/dot_product_2.hpp 1213 602 306 2 1213 602 306 2 1213 602 306 2 1213 602 306 2 1213 602 306 2 1 1500 0.00704056 0.00695521 0.00681441 0.00636247 0.006226
../functions/dot_product_2.hpp 1213 602 306 2 1213 602 306 2 1213 602 306 2 1213 602 306 2 1213 602 306 2 2 1500 0.00282997 0.00263665 0.00267974 0.00668898 0.00639558
../functions/dot_product_2.hpp 1213 602 306 2 1213 602 306 2 1213 602 306 2 1213 602 306 2 1213 602 306 2 4 1500 0.00221418 0.00201583 0.00213679 0.00687867 0.00653707
../functions/dot_product_2.hpp 1213 602 306 2 1213 602 306 2 1213 602 306 2 1213 602 306 2 1213 602 306 2 6 1500 0.00147002 0.00126057 0.00144348 0.00669575 0.00635667
../functions/dot_product_2.hpp 1213 602 306 2 1213 602 306 2 1213 602 306 2 1213 602 306 2 1213 602 306 2 8 1500 0.0014182 0.00107975 0.00149377 0.00685681 0.00650725
../functions/dot_product_2.hpp 1213 602 306 2 1213 602 306 2 1213 602 306 2 1213 602 306 2 1213 602 306 2 10 1500 0.00154391 0.00095515 0.00147693 0.00657514 0.00643189
../functions/dot_product_2.hpp 1213 602 306 2 1213 602 306 2 1213 602 306 2 1213 602 306 2 1213 602 306 2 12 1500 0.00133208 0.000750375 0.0014286 0.00683481 0.00659937
../functions/dot_product_2.hpp 1213 602 306 2 1213 602 306 2 1213 602 306 2 1213 602 306 2 1213 602 306 2 14 1500 0.0016338 0.000863028 0.00154342 0.00696821 0.0053226
../functions/dot_product_2.hpp 1213 602 306 2 1213 602 306 2 1213 602 306 2 1213 602 306 2 1213 602 306 2 16 1500 0.00151828 0.00097722 0.00148615 0.00692218 0.00692658
../functions/dot_product_3.hpp 2179 1440 729 3 2179 1440 729 3 2179 1440 729 3 2179 1440 729 3 2179 1440 729 3 1 900 0.00562292 0.00536067 0.00511476 0.00502683 0.00468139
../functions/dot_product_3.hpp 2179 1440 729 3 2179 1440 729 3 2179 1440 729 3 2179 1440 729 3 2179 1440 729 3 2 900 0.00341726 0.00286531 0.00280043 0.00538574 0.00515994
../functions/dot_product_3.hpp 2179 1440 729 3 2179 1440 729 3 2179 1440 729 3 2179 1440 729 3 2179 1440 729 3 4 900 0.00193817 0.0017322 0.00183054 0.00549693 0.00535382
../functions/dot_product_3.hpp 2179 1440 729 3 2179 1440 729 3 2179 1440 729 3 2179 1440 729 3 2179 1440 729 3 6 900 0.00147135 0.00129374 0.00128473 0.00563982 0.00540767
../functions/dot_product_3.hpp 2179 1440 729 3 2179 1440 729 3 2179 1440 729 3 2179 1440 729 3 2179 1440 729 3 8 900 0.00139236 0.00101703 0.00120406 0.00547856 0.00525681
../functions/dot_product_3.hpp 2179 1440 729 3 2179 1440 729 3 2179 1440 729 3 2179 1440 729 3 2179 1440 729 3 10 900 0.00117829 0.000798915 0.00126161 0.00464654 0.00542087
../functions/dot_product_3.hpp 2179 1440 729 3 2179 1440 729 3 2179 1440 729 3 2179 1440 729 3 2179 1440 729 3 12 900 0.0014858 0.000809181 0.00127342 0.00569318 0.0054611
../functions/dot_product_3.hpp 2179 1440 729 3 2179 1440 729 3 2179 1440 729 3 2179 1440 729 3 2179 1440 729 3 14 900 0.00159999 0.000727606 0.00123661 0.00553003 0.00540306
../functions/dot_product_3.hpp 2179 1440 729 3 2179 1440 729 3 2179 1440 729 3 2179 1440 729 3 2179 1440 729 3 16 900 0.00148273 0.000730191 0.0012466 0.00552396 0.00541738
../functions/dot_product_4.hpp 1447 720 363 3 1447 720 363 3 1447 720 363 3 1447 720 363 3 1447 720 363 3 1 1200 0.00658492 0.00609135 0.00602207 0.00560686 0.00558025
../functions/dot_product_4.hpp 1447 720 363 3 1447 720 363 3 1447 720 363 3 1447 720 363 3 1447 720 363 3 2 1200 0.00271103 0.00248076 0.0024369 0.00373197 0.0037106
../functions/dot_product_4.hpp 1447 720 363 3 1447 720 363 3 1447 720 363 3 1447 720 363 3 1447 720 363 3 4 1200 0.00196366 0.00180798 0.00162709 0.00384113 0.0037224
../functions/dot_product_4.hpp 1447 720 363 3 1447 720 363 3 1447 720 363 3 1447 720 363 3 1447 720 363 3 6 1200 0.00159944 0.00137147 0.0014557 0.00336013 0.00651012
../functions/dot_product_4.hpp 1447 720 363 3 1447 720 363 3 1447 720 363 3 1447 720 363 3 1447 720 363 3 8 1200 0.00156787 0.00102771 0.00155208 0.00758812 0.00382123
../functions/dot_product_4.hpp 1447 720 363 3 1447 720 363 3 1447 720 363 3 1447 720 363 3 1447 720 363 3 10 1200 0.00158658 0.000996286 0.00138607 0.00684326 0.00641667
../functions/dot_product_4.hpp 1447 720 363 3 1447 720 363 3 1447 720 363 3 1447 720 363 3 1447 720 363 3 12 1200 0.00132014 0.000770699 0.00130052 0.00644048 0.00613912
../functions/dot_product_4.hpp 1447 720 363 3 1447 720 363 3 1447 720 363 3 1447 720 363 3 1447 720 363 3 14 1200 0.00188537 0.000833556 0.00156682 0.00657961 0.0069057
../functions/dot_product_4.hpp 1447 720 363 3 1447 720 363 3 1447 720 363 3 1447 720 363 3 1447 720 363 3 16 1200 0.00162926 0.000923651 0.000762387 0.00642365 0.00643336
../functions/dot_product.hpp 402005 200000 101002 2 402005 200000 101002 2 402005 200000 101002 2 402005 200000 101002 2 402005 200000 101002 2 1 10000 6.52492 6.36578 6.34015 6.33611 6.33174
../functions/dot_product.hpp 402005 200000 101002 2 402005 200000 101002 2 402005 200000 101002 2 402005 200000 101002 2 402005 200000 101002 2 2 10000 3.38657 3.20626 3.20645 6.37792 6.38038
../functions/dot_product.hpp 402005 200000 101002 2 402005 200000 101002 2 402005 200000 101002 2 402005 200000 101002 2 402005 200000 101002 2 4 10000 1.90567 1.76643 2.10783 6.7462 6.75428
../functions/dot_product.hpp 402005 200000 101002 2 402005 200000 101002 2 402005 200000 101002 2 402005 200000 101002 2 402005 200000 101002 2 6 10000 1.35442 1.26565 1.50959 7.00674 7.01753
../functions/dot_product.hpp 402005 200000 101002 2 402005 200000 101002 2 402005 200000 101002 2 402005 200000 101002 2 402005 200000 101002 2 8 10000 1.04842 0.99244 1.56002 7.24041 7.32536
../functions/dot_product.hpp 402005 200000 101002 2 402005 200000 101002 2 402005 200000 101002 2 402005 200000 101002 2 402005 200000 101002 2 10 10000 0.839272 0.827975 1.56301 7.29786 7.39999
../functions/dot_product.hpp 402005 200000 101002 2 402005 200000 101002 2 402005 200000 101002 2 402005 200000 101002 2 402005 200000 101002 2 12 10000 0.720558 0.659514 0.783961 7.27439 6.90237
../functions/dot_product.hpp 402005 200000 101002 2 402005 200000 101002 2 402005 200000 101002 2 402005 200000 101002 2 402005 200000 101002 2 14 10000 0.620817 0.578217 1.60901 7.44003 7.38717
../functions/dot_product.hpp 402005 200000 101002 2 402005 200000 101002 2 402005 200000 101002 2 402005 200000 101002 2 402005 200000 101002 2 16 10000 0.631073 0.504592 0.792632 7.47029 7.46172
../functions/empty.hpp 0 0 0 0 0 0 0 0 0 0 0 0 0 0 0 0 0 0 0 0 1 10000000 0.578362 0.469095 0.409729 0.406569 0.406682
../functions/empty.hpp 0 0 0 0 0 0 0 0 0 0 0 0 0 0 0 0 0 0 0 0 2 10000000 0.306719 0.271151 0.266815 0.431978 0.434944
../functions/empty.hpp 0 0 0 0 0 0 0 0 0 0 0 0 0 0 0 0 0 0 0 0 4 10000000 0.174605 0.135392 0.163126 0.504745 0.45902
../functions/empty.hpp 0 0 0 0 0 0 0 0 0 0 0 0 0 0 0 0 0 0 0 0 6 10000000 0.12754 0.0912404 0.108681 0.530382 0.50148
../functions/empty.hpp 0 0 0 0 0 0 0 0 0 0 0 0 0 0 0 0 0 0 0 0 8 10000000 0.103961 0.0721135 0.108705 0.538458 0.572995
../functions/empty.hpp 0 0 0 0 0 0 0 0 0 0 0 0 0 0 0 0 0 0 0 0 10 10000000 0.0863947 0.0627368 0.108835 0.541248 0.50054
../functions/empty.hpp 0 0 0 0 0 0 0 0 0 0 0 0 0 0 0 0 0 0 0 0 12 10000000 0.0757268 0.0549465 0.109684 0.501496 0.504799
../functions/empty.hpp 0 0 0 0 0 0 0 0 0 0 0 0 0 0 0 0 0 0 0 0 14 10000000 0.0673536 0.0509376 0.111834 0.543727 0.503204
../functions/empty.hpp 0 0 0 0 0 0 0 0 0 0 0 0 0 0 0 0 0 0 0 0 16 10000000 0.0593939 0.0461395 0.107453 0.545931 0.508897
../functions/mat_mat_1.hpp 27009014 13500002 6754507 3 27009014 13500002 6754507 3 27009014 13500002 6754507 3 27009014 13500002 6754507 3 27009014 13500002 6754507 3 1 1500 249.444 249.576 250.464 249.314 249.912
../functions/mat_mat_1.hpp 27009014 13500002 6754507 3 27009014 13500002 6754507 3 27009014 13500002 6754507 3 27009014 13500002 6754507 3 27009014 13500002 6754507 3 2 1500 125.492 124.609 124.596 250.35 249.511
../functions/mat_mat_1.hpp 27009014 13500002 6754507 3 27009014 13500002 6754507 3 27009014 13500002 6754507 3 27009014 13500002 6754507 3 27009014 13500002 6754507 3 4 1500 67.791 67.2773 79.6344 253.421 254.034
../functions/mat_mat_1.hpp 27009014 13500002 6754507 3 27009014 13500002 6754507 3 27009014 13500002 6754507 3 27009014 13500002 6754507 3 27009014 13500002 6754507 3 6 1500 47.7797 47.8873 56.1353 250.696 250.336
../functions/mat_mat_1.hpp 27009014 13500002 6754507 3 27009014 13500002 6754507 3 27009014 13500002 6754507 3 27009014 13500002 6754507 3 27009014 13500002 6754507 3 8 1500 36.3189 36.3128 55.9516 251.682 251.434
../functions/mat_mat_1.hpp 27009014 13500002 6754507 3 27009014 13500002 6754507 3 27009014 13500002 6754507 3 27009014 13500002 6754507 3 27009014 13500002 6754507 3 10 1500 28.9498 25.5456 47.87 216.246 216.034
../functions/mat_mat_1.hpp 27009014 13500002 6754507 3 27009014 13500002 6754507 3 27009014 13500002 6754507 3 27009014 13500002 6754507 3 27009014 13500002 6754507 3 12 1500 24.8606 24.8488 54.1674 256.381 254.849
../functions/mat_mat_1.hpp 27009014 13500002 6754507 3 27009014 13500002 6754507 3 27009014 13500002 6754507 3 27009014 13500002 6754507 3 27009014 13500002 6754507 3 14 1500 20.976 23.2608 54.2588 257.352 253.443
../functions/mat_mat_1.hpp 27009014 13500002 6754507 3 27009014 13500002 6754507 3 27009014 13500002 6754507 3 27009014 13500002 6754507 3 27009014 13500002 6754507 3 16 1500 18.9096 18.9569 55.804 262.204 259.731
../functions/mat_mat_2.hpp 11524808 5760000 2882404 3 11524808 5760000 2882404 3 11524808 5760000 2882404 3 11524808 5760000 2882404 3 11524808 5760000 2882404 3 1 1200 79.3787 79.1607 79.1431 79.1542 79.1386
../functions/mat_mat_2.hpp 11524808 5760000 2882404 3 11524808 5760000 2882404 3 11524808 5760000 2882404 3 11524808 5760000 2882404 3 11524808 5760000 2882404 3 2 1200 40.2024 39.9722 39.9703 79.4528 79.5973
../functions/mat_mat_2.hpp 11524808 5760000 2882404 3 11524808 5760000 2882404 3 11524808 5760000 2882404 3 11524808 5760000 2882404 3 11524808 5760000 2882404 3 4 1200 22.2043 22.2 25.7033 80.5176 80.5477
../functions/mat_mat_2.hpp 11524808 5760000 2882404 3 11524808 5760000 2882404 3 11524808 5760000 2882404 3 11524808 5760000 2882404 3 11524808 5760000 2882404 3 6 1200 15.4767 15.4082 18.2002 81.3371 81.8085
../functions/mat_mat_2.hpp 11524808 5760000 2882404 3 11524808 5760000 2882404 3 11524808 5760000 2882404 3 11524808 5760000 2882404 3 11524808 5760000 2882404 3 8 1200 12.111 12.0201 18.3354 82.1114 82.2986
../functions/mat_mat_2.hpp 11524808 5760000 2882404 3 11524808 5760000 2882404 3 11524808 5760000 2882404 3 11524808 5760000 2882404 3 11524808 5760000 2882404 3 10 1200 9.74575 10.2788 18.3357 79.8875 83.1033
../functions/mat_mat_2.hpp 11524808 5760000 2882404 3 11524808 5760000 2882404 3 11524808 5760000 2882404 3 11524808 5760000 2882404 3 11524808 5760000 2882404 3 12 1200 7.94338 7.88986 17.911 82.4664 80.6128
../functions/mat_mat_2.hpp 11524808 5760000 2882404 3 11524808 5760000 2882404 3 11524808 5760000 2882404 3 11524808 5760000 2882404 3 11524808 5760000 2882404 3 14 1200 7.21924 7.17297 18.4144 83.2876 82.8571
../functions/mat_mat_2.hpp 11524808 5760000 2882404 3 11524808 5760000 2882404 3 11524808 5760000 2882404 3 11524808 5760000 2882404 3 11524808 5760000 2882404 3 16 1200 6.28761 6.25031 17.8572 82.6343 82.6485
../functions/mat_mat2.hpp 10010026 5000000 2505013 3 10010026 5000000 2505013 3 10010026 5000000 2505013 3 10010026 5000000 2505013 3 10010026 5000000 2505013 3 1 500 26.4659 26.2303 26.2293 26.2303 26.2307
../functions/mat_mat2.hpp 10010026 5000000 2505013 3 10010026 5000000 2505013 3 10010026 5000000 2505013 3 10010026 5000000 2505013 3 10010026 5000000 2505013 3 2 500 13.5328 13.3394 13.3384 26.3254 26.5844
../functions/mat_mat2.hpp 10010026 5000000 2505013 3 10010026 5000000 2505013 3 10010026 5000000 2505013 3 10010026 5000000 2505013 3 10010026 5000000 2505013 3 4 500 7.53826 9.26001 8.71933 26.7922 27.1476
../functions/mat_mat2.hpp 10010026 5000000 2505013 3 10010026 5000000 2505013 3 10010026 5000000 2505013 3 10010026 5000000 2505013 3 10010026 5000000 2505013 3 6 500 5.23126 5.09411 6.02354 27.4143 27.6482
../functions/mat_mat2.hpp 10010026 5000000 2505013 3 10010026 5000000 2505013 3 10010026 5000000 2505013 3 10010026 5000000 2505013 3 10010026 5000000 2505013 3 8 500 4.1056 3.99162 6.23393 27.8633 27.9143
../functions/mat_mat2.hpp 10010026 5000000 2505013 3 10010026 5000000 2505013 3 10010026 5000000 2505013 3 10010026 5000000 2505013 3 10010026 5000000 2505013 3 10 500 3.36684 3.24576 6.06189 28.0651 28.0263
../functions/mat_mat2.hpp 10010026 5000000 2505013 3 10010026 5000000 2505013 3 10010026 5000000 2505013 3 10010026 5000000 2505013 3 10010026 5000000 2505013 3 12 500 2.86378 2.88971 6.16907 28.054 28.0029
../functions/mat_mat2.hpp 10010026 5000000 2505013 3 10010026 5000000 2505013 3 10010026 5000000 2505013 3 10010026 5000000 2505013 3 10010026 5000000 2505013 3 14 500 2.35481 2.25261 5.84368 28.0094 28.1379
../functions/mat_mat2.hpp 10010026 5000000 2505013 3 10010026 5000000 2505013 3 10010026 5000000 2505013 3 10010026 5000000 2505013 3 10010026 5000000 2505013 3 16 500 2.16 2.10403 6.25537 28.2619 28.2062
../functions/mat_mat_3.hpp 4861804 3240000 1620902 2 4861804 3240000 1620902 2 4861804 3240000 1620902 2 4861804 3240000 1620902 2 4861804 3240000 1620902 2 1 900 27.2835 26.8933 26.9937 26.8755 26.9018
../functions/mat_mat_3.hpp 4861804 3240000 1620902 2 4861804 3240000 1620902 2 4861804 3240000 1620902 2 4861804 3240000 1620902 2 4861804 3240000 1620902 2 2 900 13.7896 13.5039 13.5285 27.0352 27.2322
../functions/mat_mat_3.hpp 4861804 3240000 1620902 2 4861804 3240000 1620902 2 4861804 3240000 1620902 2 4861804 3240000 1620902 2 4861804 3240000 1620902 2 4 900 7.84347 7.71245 7.18721 22.2776 22.4403
../functions/mat_mat_3.hpp 4861804 3240000 1620902 2 4861804 3240000 1620902 2 4861804 3240000 1620902 2 4861804 3240000 1620902 2 4861804 3240000 1620902 2 6 900 5.32869 5.3797 6.13454 27.9892 28.1808
../functions/mat_mat_3.hpp 4861804 3240000 1620902 2 4861804 3240000 1620902 2 4861804 3240000 1620902 2 4861804 3240000 1620902 2 4861804 3240000 1620902 2 8 900 4.15912 4.09309 6.31779 28.7426 28.7197
../functions/mat_mat_3.hpp 4861804 3240000 1620902 2 4861804 3240000 1620902 2 4861804 3240000 1620902 2 4861804 3240000 1620902 2 4861804 3240000 1620902 2 10 900 3.45055 3.29341 6.36913 28.955 28.6948
../functions/mat_mat_3.hpp 4861804 3240000 1620902 2 4861804 3240000 1620902 2 4861804 3240000 1620902 2 4861804 3240000 1620902 2 4861804 3240000 1620902 2 12 900 2.76132 2.71705 6.16497 27.7827 27.466
../functions/mat_mat_3.hpp 4861804 3240000 1620902 2 4861804 3240000 1620902 2 4861804 3240000 1620902 2 4861804 3240000 1620902 2 4861804 3240000 1620902 2 14 900 2.55058 2.51438 6.61506 27.9843 28.064
../functions/mat_mat_3.hpp 4861804 3240000 1620902 2 4861804 3240000 1620902 2 4861804 3240000 1620902 2 4861804 3240000 1620902 2 4861804 3240000 1620902 2 16 900 2.20827 2.48628 6.22423 29.244 29.3085
../functions/mat_mat3.hpp 40204 20000 10102 2 40204 20000 10102 2 40204 20000 10102 2 40204 20000 10102 2 40204 20000 10102 2 1 100 0.0387237 0.0320397 0.0277839 0.0249642 0.0233366
../functions/mat_mat3.hpp 40204 20000 10102 2 40204 20000 10102 2 40204 20000 10102 2 40204 20000 10102 2 40204 20000 10102 2 2 100 0.0176358 0.0153383 0.0144806 0.0326581 0.0281714
../functions/mat_mat3.hpp 40204 20000 10102 2 40204 20000 10102 2 40204 20000 10102 2 40204 20000 10102 2 40204 20000 10102 2 4 100 0.0126861 0.0108919 0.0114348 0.0333953 0.0279777
../functions/mat_mat3.hpp 40204 20000 10102 2 40204 20000 10102 2 40204 20000 10102 2 40204 20000 10102 2 40204 20000 10102 2 6 100 0.00960136 0.00850932 0.00804655 0.0343494 0.0293218
../functions/mat_mat3.hpp 40204 20000 10102 2 40204 20000 10102 2 40204 20000 10102 2 40204 20000 10102 2 40204 20000 10102 2 8 100 0.00604386 0.00550664 0.00843997 0.0362355 0.0212868
../functions/mat_mat3.hpp 40204 20000 10102 2 40204 20000 10102 2 40204 20000 10102 2 40204 20000 10102 2 40204 20000 10102 2 10 100 0.00683034 0.0056042 0.00859222 0.0292454 0.0313411
../functions/mat_mat3.hpp 40204 20000 10102 2 40204 20000 10102 2 40204 20000 10102 2 40204 20000 10102 2 40204 20000 10102 2 12 100 0.00552619 0.00442242 0.00818226 0.0300595 0.0318035
../functions/mat_mat3.hpp 40204 20000 10102 2 40204 20000 10102 2 40204 20000 10102 2 40204 20000 10102 2 40204 20000 10102 2 14 100 0.00491529 0.00409361 0.00795897 0.0414502 0.0309808
../functions/mat_mat3.hpp 40204 20000 10102 2 40204 20000 10102 2 40204 20000 10102 2 40204 20000 10102 2 40204 20000 10102 2 16 100 0.00519228 0.00422617 0.00895694 0.0372091 0.0281729
../functions/mat_mat_4.hpp 12004008 8000000 4002004 3 12004008 8000000 4002004 3 12004008 8000000 4002004 3 12004008 8000000 4002004 3 12004008 8000000 4002004 3 1 1000 71.1292 70.746 70.6887 70.8182 70.7523
../functions/mat_mat_4.hpp 12004008 8000000 4002004 3 12004008 8000000 4002004 3 12004008 8000000 4002004 3 12004008 8000000 4002004 3 12004008 8000000 4002004 3 2 1000 36.2853 36.0388 35.9026 71.2324 71.0077
../functions/mat_mat_4.hpp 12004008 8000000 4002004 3 12004008 8000000 4002004 3 12004008 8000000 4002004 3 12004008 8000000 4002004 3 12004008 8000000 4002004 3 4 1000 19.5551 19.3891 22.9048 72.2794 72.4189
../functions/mat_mat_4.hpp 12004008 8000000 4002004 3 12004008 8000000 4002004 3 12004008 8000000 4002004 3 12004008 8000000 4002004 3 12004008 8000000 4002004 3 6 1000 13.7773 16.9015 16.2915 72.8457 73.2854
../functions/mat_mat_4.hpp 12004008 8000000 4002004 3 12004008 8000000 4002004 3 12004008 8000000 4002004 3 12004008 8000000 4002004 3 12004008 8000000 4002004 3 8 1000 10.7803 10.725 16.2449 73.1101 73.2838
../functions/mat_mat_4.hpp 12004008 8000000 4002004 3 12004008 8000000 4002004 3 12004008 8000000 4002004 3 12004008 8000000 4002004 3 12004008 8000000 4002004 3 10 1000 8.44746 10.377 16.0449 73.6154 73.4961
../functions/mat_mat_4.hpp 12004008 8000000 4002004 3 12004008 8000000 4002004 3 12004008 8000000 4002004 3 12004008 8000000 4002004 3 12004008 8000000 4002004 3 12 1000 7.17772 7.27881 16.0927 72.7468 72.6847
../functions/mat_mat_4.hpp 12004008 8000000 4002004 3 12004008 8000000 4002004 3 12004008 8000000 4002004 3 12004008 8000000 4002004 3 12004008 8000000 4002004 3 14 1000 6.09755 6.093 15.8539 73.9795 73.7099
../functions/mat_mat_4.hpp 12004008 8000000 4002004 3 12004008 8000000 4002004 3 12004008 8000000 4002004 3 12004008 8000000 4002004 3 12004008 8000000 4002004 3 16 1000 5.60663 5.42281 16.1106 74.1438 73.591
../functions/mat_mat4.hpp 6020206 4000000 2010103 3 6020206 4000000 2010103 3 6020206 4000000 2010103 3 6020206 4000000 2010103 3 6020206 4000000 2010103 3 1 100 2.67151 2.44832 2.4485 2.44844 2.44793
../functions/mat_mat4.hpp 6020206 4000000 2010103 3 6020206 4000000 2010103 3 6020206 4000000 2010103 3 6020206 4000000 2010103 3 6020206 4000000 2010103 3 2 100 1.52276 1.28783 1.28654 2.4676 2.7396
../functions/mat_mat4.hpp 6020206 4000000 2010103 3 6020206 4000000 2010103 3 6020206 4000000 2010103 3 6020206 4000000 2010103 3 6020206 4000000 2010103 3 4 100 0.924703 0.766132 0.817838 2.65583 2.65786
../functions/mat_mat4.hpp 6020206 4000000 2010103 3 6020206 4000000 2010103 3 6020206 4000000 2010103 3 6020206 4000000 2010103 3 6020206 4000000 2010103 3 6 100 0.688476 0.593955 0.584976 2.78277 2.7792
../functions/mat_mat4.hpp 6020206 4000000 2010103 3 6020206 4000000 2010103 3 6020206 4000000 2010103 3 6020206 4000000 2010103 3 6020206 4000000 2010103 3 8 100 0.562684 0.497117 0.605036 2.89037 2.98535
../functions/mat_mat4.hpp 6020206 4000000 2010103 3 6020206 4000000 2010103 3 6020206 4000000 2010103 3 6020206 4000000 2010103 3 6020206 4000000 2010103 3 10 100 0.430119 0.389255 0.608002 2.53035 2.78012
../functions/mat_mat4.hpp 6020206 4000000 2010103 3 6020206 4000000 2010103 3 6020206 4000000 2010103 3 6020206 4000000 2010103 3 6020206 4000000 2010103 3 12 100 0.336159 0.296202 0.579402 2.91909 3.01515
../functions/mat_mat4.hpp 6020206 4000000 2010103 3 6020206 4000000 2010103 3 6020206 4000000 2010103 3 6020206 4000000 2010103 3 6020206 4000000 2010103 3 14 100 0.312547 0.278203 0.61794 2.96949 3.03347
../functions/mat_mat4.hpp 6020206 4000000 2010103 3 6020206 4000000 2010103 3 6020206 4000000 2010103 3 6020206 4000000 2010103 3 6020206 4000000 2010103 3 16 100 0.274087 0.263024 0.62836 2.99642 3.00338
../functions/mat_mat5.hpp 4004004 2002000 1002002 2 4004004 2002000 1002002 2 4004004 2002000 1002002 2 4004004 2002000 1002002 2 4004004 2002000 1002002 2 1 1000 25.4232 25.2033 25.2089 25.2072 25.2051
../functions/mat_mat5.hpp 4004004 2002000 1002002 2 4004004 2002000 1002002 2 4004004 2002000 1002002 2 4004004 2002000 1002002 2 4004004 2002000 1002002 2 2 1000 14.7534 14.5591 14.5525 25.7396 25.7275
../functions/mat_mat5.hpp 4004004 2002000 1002002 2 4004004 2002000 1002002 2 4004004 2002000 1002002 2 4004004 2002000 1002002 2 4004004 2002000 1002002 2 4 1000 8.21524 10.0726 9.58078 26.5907 26.5802
../functions/mat_mat5.hpp 4004004 2002000 1002002 2 4004004 2002000 1002002 2 4004004 2002000 1002002 2 4004004 2002000 1002002 2 4004004 2002000 1002002 2 6 1000 5.96 5.84143 6.86824 26.6623 26.6832
../functions/mat_mat5.hpp 4004004 2002000 1002002 2 4004004 2002000 1002002 2 4004004 2002000 1002002 2 4004004 2002000 1002002 2 4004004 2002000 1002002 2 8 1000 4.67303 4.66562 6.93893 27.1046 27.0198
../functions/mat_mat5.hpp 4004004 2002000 1002002 2 4004004 2002000 1002002 2 4004004 2002000 1002002 2 4004004 2002000 1002002 2 4004004 2002000 1002002 2 10 1000 3.66903 3.54715 6.74009 26.2252 28.381
../functions/mat_mat5.hpp 4004004 2002000 1002002 2 4004004 2002000 1002002 2 4004004 2002000 1002002 2 4004004 2002000 1002002 2 4004004 2002000 1002002 2 12 1000 3.11658 2.99095 6.39177 26.9292 27.8106
../functions/mat_mat5.hpp 4004004 2002000 1002002 2 4004004 2002000 1002002 2 4004004 2002000 1002002 2 4004004 2002000 1002002 2 4004004 2002000 1002002 2 14 1000 3.00206 3.04854 6.69414 27.528 27.6196
../functions/mat_mat5.hpp 4004004 2002000 1002002 2 4004004 2002000 1002002 2 4004004 2002000 1002002 2 4004004 2002000 1002002 2 4004004 2002000 1002002 2 16 1000 2.66178 2.88587 7.16695 28.0397 28.7327
../functions/mat_mat6.hpp 1001006 500000 250503 2 1001006 500000 250503 2 1001006 500000 250503 2 1001006 500000 250503 2 1001006 500000 250503 2 1 500 1.62397 1.39914 1.39796 1.39862 1.39728
../functions/mat_mat6.hpp 1001006 500000 250503 2 1001006 500000 250503 2 1001006 500000 250503 2 1001006 500000 250503 2 1001006 500000 250503 2 2 500 0.935346 0.747515 0.72401 1.47312 1.49349
../functions/mat_mat6.hpp 1001006 500000 250503 2 1001006 500000 250503 2 1001006 500000 250503 2 1001006 500000 250503 2 1001006 500000 250503 2 4 500 0.481211 0.430802 0.462021 1.50284 1.50438
../functions/mat_mat6.hpp 1001006 500000 250503 2 1001006 500000 250503 2 1001006 500000 250503 2 1001006 500000 250503 2 1001006 500000 250503 2 6 500 0.335952 0.308122 0.336279 1.58182 1.71672
../functions/mat_mat6.hpp 1001006 500000 250503 2 1001006 500000 250503 2 1001006 500000 250503 2 1001006 500000 250503 2 1001006 500000 250503 2 8 500 0.27837 0.243347 0.38183 1.6307 1.63112
../functions/mat_mat6.hpp 1001006 500000 250503 2 1001006 500000 250503 2 1001006 500000 250503 2 1001006 500000 250503 2 1001006 500000 250503 2 10 500 0.217257 0.203834 0.37288 1.64248 1.68448
../functions/mat_mat6.hpp 1001006 500000 250503 2 1001006 500000 250503 2 1001006 500000 250503 2 1001006 500000 250503 2 1001006 500000 250503 2 12 500 0.190775 0.181721 0.365298 1.551 1.49405
../functions/mat_mat6.hpp 1001006 500000 250503 2 1001006 500000 250503 2 1001006 500000 250503 2 1001006 500000 250503 2 1001006 500000 250503 2 14 500 0.168034 0.151092 0.369087 1.69359 1.68793
../functions/mat_mat6.hpp 1001006 500000 250503 2 1001006 500000 250503 2 1001006 500000 250503 2 1001006 500000 250503 2 1001006 500000 250503 2 16 500 0.149844 0.137701 0.365554 1.72645 1.76523
../functions/mat_mat.hpp 4002004 2000000 1001002 2 4002004 2000000 1001002 2 4002004 2000000 1001002 2 4002004 2000000 1001002 2 4002004 2000000 1001002 2 1 1000 25.4645 25.4017 25.4024 25.41 25.4044
../functions/mat_mat.hpp 4002004 2000000 1001002 2 4002004 2000000 1001002 2 4002004 2000000 1001002 2 4002004 2000000 1001002 2 4002004 2000000 1001002 2 2 1000 14.6919 14.6001 14.5903 25.5536 25.5301
../functions/mat_mat.hpp 4002004 2000000 1001002 2 4002004 2000000 1001002 2 4002004 2000000 1001002 2 4002004 2000000 1001002 2 4002004 2000000 1001002 2 4 1000 8.2913 8.14185 9.55056 26.2262 26.2393
../functions/mat_mat.hpp 4002004 2000000 1001002 2 4002004 2000000 1001002 2 4002004 2000000 1001002 2 4002004 2000000 1001002 2 4002004 2000000 1001002 2 6 1000 5.91717 5.81607 6.36159 22.004 21.9934
../functions/mat_mat.hpp 4002004 2000000 1001002 2 4002004 2000000 1001002 2 4002004 2000000 1001002 2 4002004 2000000 1001002 2 4002004 2000000 1001002 2 8 1000 4.72018 4.63874 6.96403 26.9406 26.9503
../functions/mat_mat.hpp 4002004 2000000 1001002 2 4002004 2000000 1001002 2 4002004 2000000 1001002 2 4002004 2000000 1001002 2 4002004 2000000 1001002 2 10 1000 3.70996 3.57305 3.56293 27.0479 26.9667
../functions/mat_mat.hpp 4002004 2000000 1001002 2 4002004 2000000 1001002 2 4002004 2000000 1001002 2 4002004 2000000 1001002 2 4002004 2000000 1001002 2 12 1000 3.36664 3.70637 3.7302 27.1357 27.1348
../functions/mat_mat.hpp 4002004 2000000 1001002 2 4002004 2000000 1001002 2 4002004 2000000 1001002 2 4002004 2000000 1001002 2 4002004 2000000 1001002 2 14 1000 3.01459 2.94518 6.64521 27.3313 27.3668
../functions/mat_mat.hpp 4002004 2000000 1001002 2 4002004 2000000 1001002 2 4002004 2000000 1001002 2 4002004 2000000 1001002 2 4002004 2000000 1001002 2 16 1000 2.68313 2.73531 6.72652 28.052 27.6379
../functions/mat_vect_1.hpp 144012 72002 36006 2 144012 72002 36006 2 144012 72002 36006 2 144012 72002 36006 2 144012 72002 36006 2 1 12000 4.95308 4.94955 4.92752 4.8093 4.86054
../functions/mat_vect_1.hpp 144012 72002 36006 2 144012 72002 36006 2 144012 72002 36006 2 144012 72002 36006 2 144012 72002 36006 2 2 12000 2.82062 2.47648 2.47336 4.88288 4.93244
../functions/mat_vect_1.hpp 144012 72002 36006 2 144012 72002 36006 2 144012 72002 36006 2 144012 72002 36006 2 144012 72002 36006 2 4 12000 1.58609 1.34506 1.61356 5.14096 5.47854
../functions/mat_vect_1.hpp 144012 72002 36006 2 144012 72002 36006 2 144012 72002 36006 2 144012 72002 36006 2 144012 72002 36006 2 6 12000 1.13492 0.971549 1.32432 5.42373 5.4671
../functions/mat_vect_1.hpp 144012 72002 36006 2 144012 72002 36006 2 144012 72002 36006 2 144012 72002 36006 2 144012 72002 36006 2 8 12000 0.864203 0.758467 1.19953 5.66405 5.77551
../functions/mat_vect_1.hpp 144012 72002 36006 2 144012 72002 36006 2 144012 72002 36006 2 144012 72002 36006 2 144012 72002 36006 2 10 12000 0.860909 0.612821 1.4683 5.10563 5.6295
../functions/mat_vect_1.hpp 144012 72002 36006 2 144012 72002 36006 2 144012 72002 36006 2 144012 72002 36006 2 144012 72002 36006 2 12 12000 0.790821 0.517336 1.41547 5.85465 5.47644
../functions/mat_vect_1.hpp 144012 72002 36006 2 144012 72002 36006 2 144012 72002 36006 2 144012 72002 36006 2 144012 72002 36006 2 14 12000 0.697329 0.507005 1.41346 5.74634 5.95403
../functions/mat_vect_1.hpp 144012 72002 36006 2 144012 72002 36006 2 144012 72002 36006 2 144012 72002 36006 2 144012 72002 36006 2 16 12000 0.531012 0.431953 1.31891 6.43564 5.93301
../functions/mat_vect_2.hpp 168006 84000 42003 3 168006 84000 42003 3 168006 84000 42003 3 168006 84000 42003 3 168006 84000 42003 3 1 14000 7.67155 7.64915 7.67287 7.48097 7.5673
../functions/mat_vect_2.hpp 168006 84000 42003 3 168006 84000 42003 3 168006 84000 42003 3 168006 84000 42003 3 168006 84000 42003 3 2 14000 4.08869 3.82415 3.71635 7.6102 7.53831
../functions/mat_vect_2.hpp 168006 84000 42003 3 168006 84000 42003 3 168006 84000 42003 3 168006 84000 42003 3 168006 84000 42003 3 4 14000 2.29616 2.02647 2.39876 7.96862 8.3549
../functions/mat_vect_2.hpp 168006 84000 42003 3 168006 84000 42003 3 168006 84000 42003 3 168006 84000 42003 3 168006 84000 42003 3 6 14000 1.61545 1.44284 1.73968 8.24467 8.45734
../functions/mat_vect_2.hpp 168006 84000 42003 3 168006 84000 42003 3 168006 84000 42003 3 168006 84000 42003 3 168006 84000 42003 3 8 14000 1.42552 1.43863 2.06864 8.61415 8.64803
../functions/mat_vect_2.hpp 168006 84000 42003 3 168006 84000 42003 3 168006 84000 42003 3 168006 84000 42003 3 168006 84000 42003 3 10 14000 1.14475 0.886798 1.75754 8.83015 8.57992
../functions/mat_vect_2.hpp 168006 84000 42003 3 168006 84000 42003 3 168006 84000 42003 3 168006 84000 42003 3 168006 84000 42003 3 12 14000 1.10365 0.746701 1.97047 7.90075 8.09867
../functions/mat_vect_2.hpp 168006 84000 42003 3 168006 84000 42003 3 168006 84000 42003 3 168006 84000 42003 3 168006 84000 42003 3 14 14000 1.05 0.670012 1.87053 8.79669 9.3208
../functions/mat_vect_2.hpp 168006 84000 42003 3 168006 84000 42003 3 168006 84000 42003 3 168006 84000 42003 3 168006 84000 42003 3 16 14000 0.891124 0.567469 1.80805 9.05039 9.1108
../functions/mat_vect2.hpp 4002004 2000000 1001002 2 4002004 2000000 1001002 2 4002004 2000000 1001002 2 4002004 2000000 1001002 2 4002004 2000000 1001002 2 1 1000 11.2704 11.0701 11.0691 11.0693 11.0683
../functions/mat_vect2.hpp 4002004 2000000 1001002 2 4002004 2000000 1001002 2 4002004 2000000 1001002 2 4002004 2000000 1001002 2 4002004 2000000 1001002 2 2 1000 5.81908 5.60649 5.61228 11.1388 11.4445
../functions/mat_vect2.hpp 4002004 2000000 1001002 2 4002004 2000000 1001002 2 4002004 2000000 1001002 2 4002004 2000000 1001002 2 4002004 2000000 1001002 2 4 1000 3.24648 3.11917 3.68428 11.8615 11.6721
../functions/mat_vect2.hpp 4002004 2000000 1001002 2 4002004 2000000 1001002 2 4002004 2000000 1001002 2 4002004 2000000 1001002 2 4002004 2000000 1001002 2 6 1000 2.32914 2.24123 2.64605 12.0301 12.1451
../functions/mat_vect2.hpp 4002004 2000000 1001002 2 4002004 2000000 1001002 2 4002004 2000000 1001002 2 4002004 2000000 1001002 2 4002004 2000000 1001002 2 8 1000 1.8276 1.75521 2.7129 12.2958 12.409
../functions/mat_vect2.hpp 4002004 2000000 1001002 2 4002004 2000000 1001002 2 4002004 2000000 1001002 2 4002004 2000000 1001002 2 4002004 2000000 1001002 2 10 1000 1.66641 1.44053 2.71622 12.5244 12.5251
../functions/mat_vect2.hpp 4002004 2000000 1001002 2 4002004 2000000 1001002 2 4002004 2000000 1001002 2 4002004 2000000 1001002 2 4002004 2000000 1001002 2 12 1000 1.22915 1.40303 2.68613 12.4962 11.7722
../functions/mat_vect2.hpp 4002004 2000000 1001002 2 4002004 2000000 1001002 2 4002004 2000000 1001002 2 4002004 2000000 1001002 2 4002004 2000000 1001002 2 14 1000 1.16172 0.995611 2.61527 12.4329 12.4499
../functions/mat_vect2.hpp 4002004 2000000 1001002 2 4002004 2000000 1001002 2 4002004 2000000 1001002 2 4002004 2000000 1001002 2 4002004 2000000 1001002 2 16 1000 0.963866 0.888573 2.81767 12.6343 12.7733
../functions/mat_vect_3.hpp 216010 144000 72005 2 216010 144000 72005 2 216010 144000 72005 2 216010 144000 72005 2 216010 144000 72005 2 1 12000 7.14629 7.11904 7.06674 7.13797 6.99104
../functions/mat_vect_3.hpp 216010 144000 72005 2 216010 144000 72005 2 216010 144000 72005 2 216010 144000 72005 2 216010 144000 72005 2 2 12000 3.91732 3.61856 3.55023 7.16178 7.35386
../functions/mat_vect_3.hpp 216010 144000 72005 2 216010 144000 72005 2 216010 144000 72005 2 216010 144000 72005 2 216010 144000 72005 2 4 12000 2.33903 1.98193 2.35657 7.48413 7.59751
../functions/mat_vect_3.hpp 216010 144000 72005 2 216010 144000 72005 2 216010 144000 72005 2 216010 144000 72005 2 216010 144000 72005 2 6 12000 1.56683 1.41535 1.67258 7.84637 7.74792
../functions/mat_vect_3.hpp 216010 144000 72005 2 216010 144000 72005 2 216010 144000 72005 2 216010 144000 72005 2 216010 144000 72005 2 8 12000 1.2234 1.08282 1.73796 8.00101 8.1708
../functions/mat_vect_3.hpp 216010 144000 72005 2 216010 144000 72005 2 216010 144000 72005 2 216010 144000 72005 2 216010 144000 72005 2 10 12000 1.19365 0.964484 1.978 8.16584 8.56907
../functions/mat_vect_3.hpp 216010 144000 72005 2 216010 144000 72005 2 216010 144000 72005 2 216010 144000 72005 2 216010 144000 72005 2 12 12000 0.994291 0.801758 1.74658 7.99947 7.69947
../functions/mat_vect_3.hpp 216010 144000 72005 2 216010 144000 72005 2 216010 144000 72005 2 216010 144000 72005 2 216010 144000 72005 2 14 12000 0.999983 0.678333 1.78431 8.29931 8.40876
../functions/mat_vect_3.hpp 216010 144000 72005 2 216010 144000 72005 2 216010 144000 72005 2 216010 144000 72005 2 216010 144000 72005 2 16 12000 0.88053 0.647069 1.80008 8.41524 8.48239
../functions/mat_vect3.hpp 4002004 2000000 1001002 2 4002004 2000000 1001002 2 4002004 2000000 1001002 2 4002004 2000000 1001002 2 4002004 2000000 1001002 2 1 1000 11.2655 11.0692 11.0706 11.0693 11.0685
../functions/mat_vect3.hpp 4002004 2000000 1001002 2 4002004 2000000 1001002 2 4002004 2000000 1001002 2 4002004 2000000 1001002 2 4002004 2000000 1001002 2 2 1000 5.79727 5.6031 5.59958 11.1383 11.1406
../functions/mat_vect3.hpp 4002004 2000000 1001002 2 4002004 2000000 1001002 2 4002004 2000000 1001002 2 4002004 2000000 1001002 2 4002004 2000000 1001002 2 4 1000 3.25353 3.11806 3.69297 11.7997 11.8124
../functions/mat_vect3.hpp 4002004 2000000 1001002 2 4002004 2000000 1001002 2 4002004 2000000 1001002 2 4002004 2000000 1001002 2 4002004 2000000 1001002 2 6 1000 2.44167 2.24495 2.64465 12.0258 12.0371
../functions/mat_vect3.hpp 4002004 2000000 1001002 2 4002004 2000000 1001002 2 4002004 2000000 1001002 2 4002004 2000000 1001002 2 4002004 2000000 1001002 2 8 1000 1.83017 1.75578 2.71237 12.4703 12.4187
../functions/mat_vect3.hpp 4002004 2000000 1001002 2 4002004 2000000 1001002 2 4002004 2000000 1001002 2 4002004 2000000 1001002 2 4002004 2000000 1001002 2 10 1000 1.44218 1.48396 3.10663 11.336 12.521
../functions/mat_vect3.hpp 4002004 2000000 1001002 2 4002004 2000000 1001002 2 4002004 2000000 1001002 2 4002004 2000000 1001002 2 4002004 2000000 1001002 2 12 1000 1.26416 1.46132 2.79352 11.4627 11.6332
../functions/mat_vect3.hpp 4002004 2000000 1001002 2 4002004 2000000 1001002 2 4002004 2000000 1001002 2 4002004 2000000 1001002 2 4002004 2000000 1001002 2 14 1000 1.06605 1.13152 2.74431 12.594 12.6965
../functions/mat_vect3.hpp 4002004 2000000 1001002 2 4002004 2000000 1001002 2 4002004 2000000 1001002 2 4002004 2000000 1001002 2 4002004 2000000 1001002 2 16 1000 1.01614 1.02487 3.15719 12.6631 12.7375
../functions/mat_vect_4.hpp 324020 216000 108010 3 324020 216000 108010 3 324020 216000 108010 3 324020 216000 108010 3 324020 216000 108010 3 1 9000 7.95136 7.94218 7.93944 7.92069 7.87698
../functions/mat_vect_4.hpp 324020 216000 108010 3 324020 216000 108010 3 324020 216000 108010 3 324020 216000 108010 3 324020 216000 108010 3 2 9000 4.34933 4.02261 4.00382 7.99727 7.95912
../functions/mat_vect_4.hpp 324020 216000 108010 3 324020 216000 108010 3 324020 216000 108010 3 324020 216000 108010 3 324020 216000 108010 3 4 9000 2.44193 2.21277 2.63789 8.40587 8.39595
../functions/mat_vect_4.hpp 324020 216000 108010 3 324020 216000 108010 3 324020 216000 108010 3 324020 216000 108010 3 324020 216000 108010 3 6 9000 1.72746 1.58915 1.89779 8.74564 8.72447
../functions/mat_vect_4.hpp 324020 216000 108010 3 324020 216000 108010 3 324020 216000 108010 3 324020 216000 108010 3 324020 216000 108010 3 8 9000 1.35628 1.22942 1.94344 8.90918 8.93159
../functions/mat_vect_4.hpp 324020 216000 108010 3 324020 216000 108010 3 324020 216000 108010 3 324020 216000 108010 3 324020 216000 108010 3 10 9000 1.12844 0.998265 1.9291 9.17978 9.1527
../functions/mat_vect_4.hpp 324020 216000 108010 3 324020 216000 108010 3 324020 216000 108010 3 324020 216000 108010 3 324020 216000 108010 3 12 9000 1.01333 0.823224 2.02065 9.05978 8.49543
../functions/mat_vect_4.hpp 324020 216000 108010 3 324020 216000 108010 3 324020 216000 108010 3 324020 216000 108010 3 324020 216000 108010 3 14 9000 0.853983 0.740913 2.02769 9.11382 9.21994
../functions/mat_vect_4.hpp 324020 216000 108010 3 324020 216000 108010 3 324020 216000 108010 3 324020 216000 108010 3 324020 216000 108010 3 16 9000 0.791639 0.716138 1.95081 9.25496 9.34703
../functions/mat_vect_5.hpp 80012 40010 20006 1 80012 40010 20006 1 80012 40010 20006 1 80012 40010 20006 1 80012 40010 20006 1 1 20000 4.90641 4.57975 4.6255 4.6383 4.48782
../functions/mat_vect_5.hpp 80012 40010 20006 1 80012 40010 20006 1 80012 40010 20006 1 80012 40010 20006 1 80012 40010 20006 1 2 20000 2.70722 2.30084 2.29554 4.55349 4.8834
../functions/mat_vect_5.hpp 80012 40010 20006 1 80012 40010 20006 1 80012 40010 20006 1 80012 40010 20006 1 80012 40010 20006 1 4 20000 1.57692 1.28166 1.49447 4.91068 4.95569
../functions/mat_vect_5.hpp 80012 40010 20006 1 80012 40010 20006 1 80012 40010 20006 1 80012 40010 20006 1 80012 40010 20006 1 6 20000 1.13265 0.912173 1.10714 5.0088 5.27296
../functions/mat_vect_5.hpp 80012 40010 20006 1 80012 40010 20006 1 80012 40010 20006 1 80012 40010 20006 1 80012 40010 20006 1 8 20000 0.87821 0.712931 1.10151 5.23583 5.37138
../functions/mat_vect_5.hpp 80012 40010 20006 1 80012 40010 20006 1 80012 40010 20006 1 80012 40010 20006 1 80012 40010 20006 1 10 20000 0.877315 0.573837 1.47863 5.34684 5.4241
../functions/mat_vect_5.hpp 80012 40010 20006 1 80012 40010 20006 1 80012 40010 20006 1 80012 40010 20006 1 80012 40010 20006 1 12 20000 1.15595 0.566168 1.52616 6.239 5.03056
../functions/mat_vect_5.hpp 80012 40010 20006 1 80012 40010 20006 1 80012 40010 20006 1 80012 40010 20006 1 80012 40010 20006 1 14 20000 0.709544 0.429034 1.13677 7.25197 5.38414
../functions/mat_vect_5.hpp 80012 40010 20006 1 80012 40010 20006 1 80012 40010 20006 1 80012 40010 20006 1 80012 40010 20006 1 16 20000 0.583737 0.406795 1.10557 6.1461 5.51538
../functions/mat_vect.hpp 400204 200000 100102 2 400204 200000 100102 2 400204 200000 100102 2 400204 200000 100102 2 400204 200000 100102 2 1 1000 1.4395 1.15242 1.2017 1.15822 1.16191
../functions/mat_vect.hpp 400204 200000 100102 2 400204 200000 100102 2 400204 200000 100102 2 400204 200000 100102 2 400204 200000 100102 2 2 1000 0.807633 0.594592 0.581733 1.16698 1.24056
../functions/mat_vect.hpp 400204 200000 100102 2 400204 200000 100102 2 400204 200000 100102 2 400204 200000 100102 2 400204 200000 100102 2 4 1000 0.394728 0.372051 0.392075 1.25014 1.30298
../functions/mat_vect.hpp 400204 200000 100102 2 400204 200000 100102 2 400204 200000 100102 2 400204 200000 100102 2 400204 200000 100102 2 6 1000 0.286873 0.261977 0.295563 1.40596 1.53065
../functions/mat_vect.hpp 400204 200000 100102 2 400204 200000 100102 2 400204 200000 100102 2 400204 200000 100102 2 400204 200000 100102 2 8 1000 0.210038 0.192369 0.30286 1.45654 1.54775
../functions/mat_vect.hpp 400204 200000 100102 2 400204 200000 100102 2 400204 200000 100102 2 400204 200000 100102 2 400204 200000 100102 2 10 1000 0.182396 0.159537 0.306275 1.56744 1.60364
../functions/mat_vect.hpp 400204 200000 100102 2 400204 200000 100102 2 400204 200000 100102 2 400204 200000 100102 2 400204 200000 100102 2 12 1000 0.149842 0.14393 0.305447 1.41575 1.4846
../functions/mat_vect.hpp 400204 200000 100102 2 400204 200000 100102 2 400204 200000 100102 2 400204 200000 100102 2 400204 200000 100102 2 14 1000 0.123685 0.11324 0.308045 1.49409 1.55827
../functions/mat_vect.hpp 400204 200000 100102 2 400204 200000 100102 2 400204 200000 100102 2 400204 200000 100102 2 400204 200000 100102 2 16 1000 0.110119 0.0994305 0.307745 1.48853 1.50557
../functions/sum10.hpp 91002 77000 7001 1 91002 77000 7001 1 91002 77000 7001 1 91002 77000 7001 1 91002 77000 7001 1 1 7000 1.80167 1.57079 1.57052 1.56704 1.57158
../functions/sum10.hpp 91002 77000 7001 1 91002 77000 7001 1 91002 77000 7001 1 91002 77000 7001 1 91002 77000 7001 1 2 7000 1.12549 0.826165 0.857499 1.5855 1.82283
../functions/sum10.hpp 91002 77000 7001 1 91002 77000 7001 1 91002 77000 7001 1 91002 77000 7001 1 91002 77000 7001 1 4 7000 0.748181 0.649008 0.607904 1.7128 1.949
../functions/sum10.hpp 91002 77000 7001 1 91002 77000 7001 1 91002 77000 7001 1 91002 77000 7001 1 91002 77000 7001 1 6 7000 0.437502 0.474909 0.539941 1.80553 1.9447
../functions/sum10.hpp 91002 77000 7001 1 91002 77000 7001 1 91002 77000 7001 1 91002 77000 7001 1 91002 77000 7001 1 8 7000 0.472845 0.439378 0.525382 1.88771 1.98186
../functions/sum10.hpp 91002 77000 7001 1 91002 77000 7001 1 91002 77000 7001 1 91002 77000 7001 1 91002 77000 7001 1 10 7000 0.450829 0.476141 0.624061 1.8901 2.00455
../functions/sum10.hpp 91002 77000 7001 1 91002 77000 7001 1 91002 77000 7001 1 91002 77000 7001 1 91002 77000 7001 1 12 7000 0.490346 0.438304 0.595966 1.90448 1.9373
../functions/sum10.hpp 91002 77000 7001 1 91002 77000 7001 1 91002 77000 7001 1 91002 77000 7001 1 91002 77000 7001 1 14 7000 0.404978 0.360552 0.789586 1.93032 2.01186
../functions/sum10.hpp 91002 77000 7001 1 91002 77000 7001 1 91002 77000 7001 1 91002 77000 7001 1 91002 77000 7001 1 16 7000 0.367628 0.329704 0.55767 1.9389 2.03544
../functions/sum11.hpp 130002 110000 10001 1 130002 110000 10001 1 130002 110000 10001 1 130002 110000 10001 1 130002 110000 10001 1 1 10000 3.43135 3.20453 3.20398 3.20481 3.20318
../functions/sum11.hpp 130002 110000 10001 1 130002 110000 10001 1 130002 110000 10001 1 130002 110000 10001 1 130002 110000 10001 1 2 10000 2.05783 1.85859 1.81554 3.22739 3.22625
../functions/sum11.hpp 130002 110000 10001 1 130002 110000 10001 1 130002 110000 10001 1 130002 110000 10001 1 130002 110000 10001 1 4 10000 1.25465 1.16113 1.20929 3.45911 3.46388
../functions/sum11.hpp 130002 110000 10001 1 130002 110000 10001 1 130002 110000 10001 1 130002 110000 10001 1 130002 110000 10001 1 6 10000 0.975448 0.730255 0.903867 3.59005 3.73133
../functions/sum11.hpp 130002 110000 10001 1 130002 110000 10001 1 130002 110000 10001 1 130002 110000 10001 1 130002 110000 10001 1 8 10000 0.857029 0.713683 0.963835 3.74041 3.74395
../functions/sum11.hpp 130002 110000 10001 1 130002 110000 10001 1 130002 110000 10001 1 130002 110000 10001 1 130002 110000 10001 1 10 10000 0.902246 0.751938 1.21534 3.79733 3.87411
../functions/sum11.hpp 130002 110000 10001 1 130002 110000 10001 1 130002 110000 10001 1 130002 110000 10001 1 130002 110000 10001 1 12 10000 0.843513 0.728229 1.33055 3.9031 3.61227
../functions/sum11.hpp 130002 110000 10001 1 130002 110000 10001 1 130002 110000 10001 1 130002 110000 10001 1 130002 110000 10001 1 14 10000 0.724986 0.630051 0.968219 3.84011 3.9822
../functions/sum11.hpp 130002 110000 10001 1 130002 110000 10001 1 130002 110000 10001 1 130002 110000 10001 1 130002 110000 10001 1 16 10000 0.672492 0.634065 1.22578 3.90542 3.9995
../functions/sum12.hpp 130002 110000 10001 1 130002 110000 10001 1 130002 110000 10001 1 130002 110000 10001 1 130002 110000 10001 1 1 100000 32.2225 31.9961 32.0866 32.1591 32.0299
../functions/sum12.hpp 130002 110000 10001 1 130002 110000 10001 1 130002 110000 10001 1 130002 110000 10001 1 130002 110000 10001 1 2 100000 17.0291 16.6149 16.6424 32.2164 32.2144
../functions/sum12.hpp 130002 110000 10001 1 130002 110000 10001 1 130002 110000 10001 1 130002 110000 10001 1 130002 110000 10001 1 4 100000 10.3351 11.4146 11.6764 33.2215 33.1408
../functions/sum12.hpp 130002 110000 10001 1 130002 110000 10001 1 130002 110000 10001 1 130002 110000 10001 1 130002 110000 10001 1 6 100000 7.70695 7.57453 8.48806 33.6323 33.6599
../functions/sum12.hpp 130002 110000 10001 1 130002 110000 10001 1 130002 110000 10001 1 130002 110000 10001 1 130002 110000 10001 1 8 100000 7.09379 7.43931 9.99939 34.1831 34.27
../functions/sum12.hpp 130002 110000 10001 1 130002 110000 10001 1 130002 110000 10001 1 130002 110000 10001 1 130002 110000 10001 1 10 100000 8.56132 8.28519 15.7111 34.5327 34.5673
../functions/sum12.hpp 130002 110000 10001 1 130002 110000 10001 1 130002 110000 10001 1 130002 110000 10001 1 130002 110000 10001 1 12 100000 7.38748 7.67622 12.3453 34.2513 34.3619
../functions/sum12.hpp 130002 110000 10001 1 130002 110000 10001 1 130002 110000 10001 1 130002 110000 10001 1 130002 110000 10001 1 14 100000 6.52827 6.73536 19.9249 34.4601 34.4128
../functions/sum12.hpp 130002 110000 10001 1 130002 110000 10001 1 130002 110000 10001 1 130002 110000 10001 1 130002 110000 10001 1 16 100000 6.08444 6.09592 11.655 34.9336 35.0422
../functions/sum1.hpp 2 2 0 0 2 2 0 0 2 2 0 0 2 2 0 0 2 2 0 0 1 7000 0.00103945 0.000955289 0.00095494 0.00074821 0.000735568
../functions/sum1.hpp 2 2 0 0 2 2 0 0 2 2 0 0 2 2 0 0 2 2 0 0 2 7000 0.000871898 0.000773771 0.000741715 0.000837118 0.000824965
../functions/sum1.hpp 2 2 0 0 2 2 0 0 2 2 0 0 2 2 0 0 2 2 0 0 4 7000 0.000984482 0.000760431 0.000693874 0.000792559 0.00079186
../functions/sum1.hpp 2 2 0 0 2 2 0 0 2 2 0 0 2 2 0 0 2 2 0 0 6 7000 0.00103707 0.000672223 0.000487213 0.000863238 0.000855416
../functions/sum1.hpp 2 2 0 0 2 2 0 0 2 2 0 0 2 2 0 0 2 2 0 0 8 7000 0.000921696 0.000511308 0.000481765 0.00084941 0.000843404
../functions/sum1.hpp 2 2 0 0 2 2 0 0 2 2 0 0 2 2 0 0 2 2 0 0 10 7000 0.00112668 0.000666146 0.000558102 0.000660978 0.000797797
../functions/sum1.hpp 2 2 0 0 2 2 0 0 2 2 0 0 2 2 0 0 2 2 0 0 12 7000 0.00118262 0.000812254 0.000768603 0.000855276 0.000807016
../functions/sum1.hpp 2 2 0 0 2 2 0 0 2 2 0 0 2 2 0 0 2 2 0 0 14 7000 0.00665322 0.000895365 0.000842705 0.000934128 0.000821892
../functions/sum1.hpp 2 2 0 0 2 2 0 0 2 2 0 0 2 2 0 0 2 2 0 0 16 7000 0.00145011 0.000819308 0.000709727 0.000639747 0.000902489
../functions/sum2.hpp 2 2 0 0 2 2 0 0 2 2 0 0 2 2 0 0 2 2 0 0 1 10000 0.00142169 0.00126615 0.00127502 0.00112088 0.00111013
../functions/sum2.hpp 2 2 0 0 2 2 0 0 2 2 0 0 2 2 0 0 2 2 0 0 2 10000 0.00129409 0.00109958 0.00111355 0.0010963 0.00108226
../functions/sum2.hpp 2 2 0 0 2 2 0 0 2 2 0 0 2 2 0 0 2 2 0 0 4 10000 0.00104566 0.000714896 0.000697714 0.00121042 0.00110754
../functions/sum2.hpp 2 2 0 0 2 2 0 0 2 2 0 0 2 2 0 0 2 2 0 0 6 10000 0.00127956 0.000974426 0.000920159 0.00121768 0.00120511
../functions/sum2.hpp 2 2 0 0 2 2 0 0 2 2 0 0 2 2 0 0 2 2 0 0 8 10000 0.00142358 0.00092826 0.000888311 0.00119561 0.0012174
../functions/sum2.hpp 2 2 0 0 2 2 0 0 2 2 0 0 2 2 0 0 2 2 0 0 10 10000 0.00127509 0.000934127 0.000923232 0.00122998 0.00113338
../functions/sum2.hpp 2 2 0 0 2 2 0 0 2 2 0 0 2 2 0 0 2 2 0 0 12 10000 0.00198126 0.00117997 0.00112675 0.00124129 0.00113157
../functions/sum2.hpp 2 2 0 0 2 2 0 0 2 2 0 0 2 2 0 0 2 2 0 0 14 10000 0.0019214 0.00121503 0.0012077 0.00121845 0.00119505
../functions/sum2.hpp 2 2 0 0 2 2 0 0 2 2 0 0 2 2 0 0 2 2 0 0 16 10000 0.00190213 0.00119869 0.00114351 0.00123214 0.00112368
../functions/sum3.hpp 2 2 0 0 2 2 0 0 2 2 0 0 2 2 0 0 2 2 0 0 1 100000 0.0108332 0.0100824 0.00942194 0.00886007 0.0085154
../functions/sum3.hpp 2 2 0 0 2 2 0 0 2 2 0 0 2 2 0 0 2 2 0 0 2 100000 0.00932388 0.00889771 0.00837278 0.00915284 0.00866088
../functions/sum3.hpp 2 2 0 0 2 2 0 0 2 2 0 0 2 2 0 0 2 2 0 0 4 100000 0.00834471 0.00814601 0.0078084 0.00932982 0.00872625
../functions/sum3.hpp 2 2 0 0 2 2 0 0 2 2 0 0 2 2 0 0 2 2 0 0 6 100000 0.00583643 0.00588685 0.00588266 0.0103543 0.00974635
../functions/sum3.hpp 2 2 0 0 2 2 0 0 2 2 0 0 2 2 0 0 2 2 0 0 8 100000 0.00863741 0.00792014 0.00792573 0.00961107 0.00910765
../functions/sum3.hpp 2 2 0 0 2 2 0 0 2 2 0 0 2 2 0 0 2 2 0 0 10 100000 0.00927373 0.00873358 0.00794906 0.00948375 0.00896196
../functions/sum3.hpp 2 2 0 0 2 2 0 0 2 2 0 0 2 2 0 0 2 2 0 0 12 100000 0.00899297 0.00857546 0.00834031 0.0100086 0.00932709
../functions/sum3.hpp 2 2 0 0 2 2 0 0 2 2 0 0 2 2 0 0 2 2 0 0 14 100000 0.00950875 0.00905876 0.00885567 0.0110724 0.00883869
../functions/sum3.hpp 2 2 0 0 2 2 0 0 2 2 0 0 2 2 0 0 2 2 0 0 16 100000 0.00972659 0.0092648 0.00884086 0.00933191 0.00918259
../functions/sum4.hpp 15 15 0 0 15 15 0 0 15 15 0 0 15 15 0 0 15 15 0 0 1 7000 0.00182656 0.00156249 0.00153944 0.00143447 0.00142455
../functions/sum4.hpp 15 15 0 0 15 15 0 0 15 15 0 0 15 15 0 0 15 15 0 0 2 7000 0.00163415 0.00144027 0.00140577 0.00152596 0.00151039
../functions/sum4.hpp 15 15 0 0 15 15 0 0 15 15 0 0 15 15 0 0 15 15 0 0 4 7000 0.00190555 0.00158868 0.00157758 0.00142609 0.00139319
../functions/sum4.hpp 15 15 0 0 15 15 0 0 15 15 0 0 15 15 0 0 15 15 0 0 6 7000 0.00171279 0.00158002 0.00153574 0.00139669 0.00140325
../functions/sum4.hpp 15 15 0 0 15 15 0 0 15 15 0 0 15 15 0 0 15 15 0 0 8 7000 0.00199788 0.00152359 0.00154796 0.00140311 0.00139445
../functions/sum4.hpp 15 15 0 0 15 15 0 0 15 15 0 0 15 15 0 0 15 15 0 0 10 7000 0.00256094 0.0017783 0.00156829 0.0013985 0.00141904
../functions/sum4.hpp 15 15 0 0 15 15 0 0 15 15 0 0 15 15 0 0 15 15 0 0 12 7000 0.00923323 0.00207212 0.00225245 0.00143692 0.000966394
../functions/sum4.hpp 15 15 0 0 15 15 0 0 15 15 0 0 15 15 0 0 15 15 0 0 14 7000 0.00209775 0.00208448 0.00210055 0.00113346 0.00140919
../functions/sum4.hpp 15 15 0 0 15 15 0 0 15 15 0 0 15 15 0 0 15 15 0 0 16 7000 0.00228269 0.00203999 0.00217262 0.00151011 0.00146185
../functions/sum5.hpp 15 15 0 0 15 15 0 0 15 15 0 0 15 15 0 0 15 15 0 0 1 10000 0.00228884 0.00218247 0.00213847 0.00203085 0.00199914
../functions/sum5.hpp 15 15 0 0 15 15 0 0 15 15 0 0 15 15 0 0 15 15 0 0 2 10000 0.0028373 0.0026692 0.00251142 0.00199732 0.00195996
../functions/sum5.hpp 15 15 0 0 15 15 0 0 15 15 0 0 15 15 0 0 15 15 0 0 4 10000 0.00265949 0.00225322 0.0022681 0.00207184 0.00196436
../functions/sum5.hpp 15 15 0 0 15 15 0 0 15 15 0 0 15 15 0 0 15 15 0 0 6 10000 0.00236594 0.00217206 0.00218387 0.0019654 0.00198042
../functions/sum5.hpp 15 15 0 0 15 15 0 0 15 15 0 0 15 15 0 0 15 15 0 0 8 10000 0.00506126 0.00160516 0.0015905 0.00197357 0.00195584
../functions/sum5.hpp 15 15 0 0 15 15 0 0 15 15 0 0 15 15 0 0 15 15 0 0 10 10000 0.0032692 0.00264475 0.00231119 0.00198629 0.00198678
../functions/sum5.hpp 15 15 0 0 15 15 0 0 15 15 0 0 15 15 0 0 15 15 0 0 12 10000 0.00302692 0.00266912 0.00269734 0.00200954 0.000944394
../functions/sum5.hpp 15 15 0 0 15 15 0 0 15 15 0 0 15 15 0 0 15 15 0 0 14 10000 0.00291546 0.0026356 0.00268218 0.00197078 0.00199201
../functions/sum5.hpp 15 15 0 0 15 15 0 0 15 15 0 0 15 15 0 0 15 15 0 0 16 10000 0.00313553 0.00282061 0.00263895 0.00184611 0.00199746
../functions/sum6.hpp 15 15 0 0 15 15 0 0 15 15 0 0 15 15 0 0 15 15 0 0 1 10000 0.00240191 0.00231678 0.00217381 0.00201325 0.00200277
../functions/sum6.hpp 15 15 0 0 15 15 0 0 15 15 0 0 15 15 0 0 15 15 0 0 2 10000 0.00275189 0.00252085 0.00247427 0.00196624 0.00194389
../functions/sum6.hpp 15 15 0 0 15 15 0 0 15 15 0 0 15 15 0 0 15 15 0 0 4 10000 0.002288 0.00223758 0.00220503 0.00198175 0.00196526
../functions/sum6.hpp 15 15 0 0 15 15 0 0 15 15 0 0 15 15 0 0 15 15 0 0 6 10000 0.00196994 0.00159671 0.00157506 0.00211591 0.00203266
../functions/sum6.hpp 15 15 0 0 15 15 0 0 15 15 0 0 15 15 0 0 15 15 0 0 8 10000 0.0019742 0.00154238 0.00145284 0.00199823 0.00195856
../functions/sum6.hpp 15 15 0 0 15 15 0 0 15 15 0 0 15 15 0 0 15 15 0 0 10 10000 0.00281705 0.00250709 0.00264105 0.00196547 0.00201352
../functions/sum6.hpp 15 15 0 0 15 15 0 0 15 15 0 0 15 15 0 0 15 15 0 0 12 10000 0.00273631 0.00263015 0.00264601 0.00200829 0.00153085
../functions/sum6.hpp 15 15 0 0 15 15 0 0 15 15 0 0 15 15 0 0 15 15 0 0 14 10000 0.00321368 0.00293438 0.00303104 0.00201793 0.00197183
../functions/sum6.hpp 15 15 0 0 15 15 0 0 15 15 0 0 15 15 0 0 15 15 0 0 16 10000 0.00295079 0.00283388 0.00278778 0.00214099 0.00207345
../functions/sum7.hpp 902 700 101 1 902 700 101 1 902 700 101 1 902 700 101 1 902 700 101 1 1 7000 0.0448943 0.035265 0.0301499 0.026883 0.0247833
../functions/sum7.hpp 902 700 101 1 902 700 101 1 902 700 101 1 902 700 101 1 902 700 101 1 2 7000 0.0429394 0.0369547 0.0332684 0.0260627 0.024722
../functions/sum7.hpp 902 700 101 1 902 700 101 1 902 700 101 1 902 700 101 1 902 700 101 1 4 7000 0.0227907 0.0211472 0.0244843 0.0308385 0.0272768
../functions/sum7.hpp 902 700 101 1 902 700 101 1 902 700 101 1 902 700 101 1 902 700 101 1 6 7000 0.0171917 0.0168024 0.0193284 0.0330499 0.0288662
../functions/sum7.hpp 902 700 101 1 902 700 101 1 902 700 101 1 902 700 101 1 902 700 101 1 8 7000 0.0203237 0.0177977 0.0222255 0.0317732 0.0279416
../functions/sum7.hpp 902 700 101 1 902 700 101 1 902 700 101 1 902 700 101 1 902 700 101 1 10 7000 0.0243331 0.0194271 0.0252184 0.0316618 0.0274184
../functions/sum7.hpp 902 700 101 1 902 700 101 1 902 700 101 1 902 700 101 1 902 700 101 1 12 7000 0.0232582 0.0215342 0.0271127 0.0296075 0.0252945
../functions/sum7.hpp 902 700 101 1 902 700 101 1 902 700 101 1 902 700 101 1 902 700 101 1 14 7000 0.0226348 0.0213591 0.0277143 0.0310012 0.0272935
../functions/sum7.hpp 902 700 101 1 902 700 101 1 902 700 101 1 902 700 101 1 902 700 101 1 16 7000 0.0206596 0.0196336 0.0249866 0.0319492 0.0247879
../functions/sum8.hpp 902 700 101 1 902 700 101 1 902 700 101 1 902 700 101 1 902 700 101 1 1 10000 0.0582395 0.0449582 0.0377758 0.0351905 0.0352571
../functions/sum8.hpp 902 700 101 1 902 700 101 1 902 700 101 1 902 700 101 1 902 700 101 1 2 10000 0.0645055 0.0550607 0.0490883 0.0352372 0.0352105
../functions/sum8.hpp 902 700 101 1 902 700 101 1 902 700 101 1 902 700 101 1 902 700 101 1 4 10000 0.0380713 0.0324 0.0334092 0.0384117 0.0352581
../functions/sum8.hpp 902 700 101 1 902 700 101 1 902 700 101 1 902 700 101 1 902 700 101 1 6 10000 0.0279575 0.0243124 0.02478 0.0418564 0.0351887
../functions/sum8.hpp 902 700 101 1 902 700 101 1 902 700 101 1 902 700 101 1 902 700 101 1 8 10000 0.0235282 0.0200611 0.0222951 0.0384528 0.0350546
../functions/sum8.hpp 902 700 101 1 902 700 101 1 902 700 101 1 902 700 101 1 902 700 101 1 10 10000 0.0319496 0.0285705 0.0321917 0.0397329 0.0354047
../functions/sum8.hpp 902 700 101 1 902 700 101 1 902 700 101 1 902 700 101 1 902 700 101 1 12 10000 0.0349971 0.0313001 0.0344928 0.0390067 0.0366875
../functions/sum8.hpp 902 700 101 1 902 700 101 1 902 700 101 1 902 700 101 1 902 700 101 1 14 10000 0.0300037 0.0275647 0.0323085 0.0398616 0.0358641
../functions/sum8.hpp 902 700 101 1 902 700 101 1 902 700 101 1 902 700 101 1 902 700 101 1 16 10000 0.0304567 0.0283866 0.0335738 0.0400349 0.035613
../functions/sum9.hpp 902 700 101 1 902 700 101 1 902 700 101 1 902 700 101 1 902 700 101 1 1 100000 0.38892 0.351197 0.29024 0.283417 0.266295
../functions/sum9.hpp 902 700 101 1 902 700 101 1 902 700 101 1 902 700 101 1 902 700 101 1 2 100000 0.477897 0.402492 0.331537 0.284018 0.273745
../functions/sum9.hpp 902 700 101 1 902 700 101 1 902 700 101 1 902 700 101 1 902 700 101 1 4 100000 0.266917 0.245086 0.274658 0.295316 0.289074
../functions/sum9.hpp 902 700 101 1 902 700 101 1 902 700 101 1 902 700 101 1 902 700 101 1 6 100000 0.198629 0.167884 0.201177 0.335532 0.316834
../functions/sum9.hpp 902 700 101 1 902 700 101 1 902 700 101 1 902 700 101 1 902 700 101 1 8 100000 0.162371 0.119544 0.149137 0.350804 0.327273
../functions/sum9.hpp 902 700 101 1 902 700 101 1 902 700 101 1 902 700 101 1 902 700 101 1 10 100000 0.23446 0.208549 0.279558 0.324754 0.324315
../functions/sum9.hpp 902 700 101 1 902 700 101 1 902 700 101 1 902 700 101 1 902 700 101 1 12 100000 0.251368 0.246348 0.368494 0.327813 0.325457
../functions/sum9.hpp 902 700 101 1 902 700 101 1 902 700 101 1 902 700 101 1 902 700 101 1 14 100000 0.236076 0.220177 0.250002 0.332927 0.330919
../functions/sum9.hpp 902 700 101 1 902 700 101 1 902 700 101 1 902 700 101 1 902 700 101 1 16 100000 0.247474 0.222152 0.274888 0.325919 0.325252