0.03125
0.125
0.5
0.0078125
0.03125
0.03125
0.125
0.0078125
0.0078125
0.00192312
0.00192312
0.00192312
0.125
0.03125
0.0078125
0.5
0.00192312
0.0078125
0.00192312
0.125
0.03125
0.125
0.0078125
0.0078125
0.00192312
0.5
0.5
0.0078125
0.125
0.00192312
0.03125
0.5
0.03125
0.00192312
0.00192312
0.125
0.0078125
0.125
0.00192312
0.0078125
0.125
0.03125
0.00192312
0.125
0.0078125
0.00192312
0.0078125
0.00192312
0.03125
0.00192312
0.00192312
0.125
0.0078125
0.03125
0.5
0.125
0.125
0.0078125
0.125
0.03125
0.00192312
0.0078125
0.03125
0.03125
0.125
0.03125
0.5
0.00192312
0.0078125
0.03125
0.0078125
0.0078125
0.03125
0.03125
0.00192312
0.00192312
0.03125
0.125
0.03125
0.03125
0.03125
0.00192312
0.5
0.00192312
0.0078125
0.03125
0.5
0.125
0.125
0.125
0.0078125
0.5
0.125
0.03125
0.125
0.03125
0.5
0.03125
0.03125
0.0078125
0.00192312
0.00192312
0.125
0.03125
0.0078125
0.00192312
0.125
0.5
0.00192312
0.5
0.00192312
0.0078125
0.00192312
0.0078125
0.125
0.125
0.5
0.0078125
0.00192312
0.00192312
0.00192312
0.03125
0.00192312
0.5
0.0078125
0.125
0.00192312
0.03125
0.5
0.00192312
0.5
0.0078125
0.03125
0.00192312
0.00192312
0.125
0.00192312
0.00192312
0.5
0.00192312
0.125
0.0078125
0.00192312
0.00192312
0.03125
0.0078125
0.5
0.0078125
0.0078125
0.00192312
0.125
0.0078125
0.0078125
0.125
0.03125
0.125
0.125
0.5
0.0078125
0.00192312
0.03125
0.00192312
0.00192312
0.03125
0.00192312
0.0078125
0.00192312
0.00192312
0.00192312
0.0078125
0.0078125
0.00192312
0.03125
0.00192312
0.0078125
0.5
0.00192312
0.03125
0.5
0.5
0.0078125
0.5
0.00192312
0.125
0.03125
0.00192312
0.03125
0.00192312
0.5
0.5
0.0078125
0.00192312
0.00192312
0.5
0.03125
0.0078125
0.00192312
0.0078125
0.00192312
0.0078125
0.0078125
0.125
0.5
0.00192312
0.03125
0.0078125
0.0078125
0.5
0.00192312
0.125
0.125
0.5
0.0078125
0.5
0.00192312
0.00192312
0.00192312
0.03125
0.125
0.5
0.03125
0.00192312
0.00192312
0.03125
0.125
0.03125
0.00192312
0.0078125
0.00192312
0.0078125
0.0078125
0.5
0.125
0.00192312
0.03125
0.03125
0.03125
0.00192312
0.00192312
0.03125
0.5
0.03125
0.0078125
0.5
0.00192312
0.03125
0.03125
0.5
0.0078125
0.5
0.03125
0.0078125
0.0078125
0.125
0.5
0.0078125
0.0078125
0.03125
0.125
0.00192312
0.03125
0.0078125
0.0078125
0.125
0.00192312
0.03125
0.00192312
0.00192312
0.00192312
0.125
0.00192312
0.00192312
0.00192312
0.0078125
0.00192312
0.0078125
0.00192312
0.125

