0.00192313
0.00192313
0.00192313
0.00192313
0.00192313
0.00192313
0.5
0.00192313
0.00192313
0.00192313
0.00192313
0.00192313
0.00192313
0.00192313
0.00192313
0.00192313
0.00192313
0.0078125
0.00192313
0.00192313
0.00192313
0.00192313
0.00192313
0.0078125
0.0078125
0.00192313
0.5
0.00192313
0.5
0.00192313
0.00192313
0.5
0.00192313
0.00192313
0.00192313
0.00192313
0.0078125
0.00192313
0.00192313
0.00192313
0.5
0.00192313
0.00192313
0.5
0.00192313
0.00192313
0.00192313
0.0078125
0.0078125
0.00192313
0.00192313
0.5
0.00192313
0.00192313
0.5
0.00192313
0.00192313
0.00192313
0.00192313
0.00192313
0.00192313
0.00192313
0.00192313
0.00192313
0.00192313
0.00192313
0.00192313
0.00192313
0.5
0.00192313
0.00192313
0.00192313
0.00192313
0.00192313
0.00192313
0.00192313
0.00192313
0.00192313
0.00192313
0.00192313
0.00192313
0.00192313
0.5
0.00192313
0.00192313
0.00192313
0.00192313
0.00192313
0.00192313
0.03125
0.00192313
0.5
0.00192313
0.00192313
0.00192313
0.00192313
0.5
0.03125
0.00192313
0.00192313
0.00192313
0.00192313
0.00192313
0.00192313
0.00192313
0.125
0.00192313
0.5
0.00192313
0.5
0.0078125
0.00192313
0.00192313
0.00192313
0.00192313
0.00192313
0.5
0.0078125
0.00192313
0.00192313
0.00192313
0.5
0.00192313
0.00192313
0.00192313
0.00192313
0.00192313
0.00192313
0.00192313
0.00192313
0.00192313
0.00192313
0.00192313
0.00192313
0.00192313
0.5
0.5
0.00192313
0.125
0.00192313
0.00192313
0.00192313
0.00192313
0.00192313
0.00192313
0.00192313
0.5
0.00192313
0.00192313
0.00192313
0.5
0.00192313
0.00192313
0.00192313
0.00192313
0.00192313
0.00192313
0.00192313
0.00192313
0.00192313
0.00192313
0.00192313
0.00192313
0.00192313
0.00192313
0.00192313
0.00192313
0.00192313
0.5
0.00192313
0.00192313
0.00192313
0.00192313
0.00192313
0.00192313
0.5
0.00192313
0.00192313
0.5
0.00192313
0.00192313
0.00192313
0.00192313
0.00192313
0.00192313
0.00192313
0.00192313
0.00192313
0.5
0.00192313
0.00192313
0.00192313
0.00192313
0.00192313
0.00192313
0.00192313
0.00192313
0.5
0.00192313
0.00192313
0.00192313
0.00192313
0.00192313
0.00192313
0.00192313
0.00192313
0.00192313
0.00192313
0.00192313
0.0078125
0.0078125
0.5
0.5
0.5
0.00192313
0.00192313
0.00192313
0.03125
0.0078125
0.00192313
0.00192313
0.00192313
0.00192313
0.00192313
0.00192313
0.00192313
0.0078125
0.00192313
0.00192313
0.00192313
0.00192313
0.5
0.00192313
0.0078125
0.00192313
0.00192313
0.0078125
0.00192313
0.00192313
0.0078125
0.00192313
0.00192313
0.00192313
0.00192313
0.00192313
0.00192313
0.00192313
0.5
0.00192313
0.00192313
0.00192313
0.00192313
0.00192313
0.00192313
0.00192313
0.00192313
0.00192313
0.00192313
0.00192313
0.00192313
0.00192313
0.00192313
0.00192313
0.00192313
0.00192313
0.00192313
0.00192313
0.00192313
0.5
0.00192313
0.00192313
0.00192313
0.00192313
0.00192313
0.00192313
0.00192313
0.00192313
0.00192313
