0.03125
0.0716826
0.25
0.00445941
0.0271626
0.00775227
0.00676967
0.00513045
0.00894647
0.00254545
0.00221251
0.00336915
0.0412346
0.0205854
0.0103087
0.5
0.00776428
0.0358968
0.00775227
0.0357859
0.03125
0.25
0.00590247
0.0358968
0.00587512
0.189172
0.435275
0.00387613
0.0204584
0.00292395
0.010245
0.217301
0.03125
0.00292848
0.00336915
0.125
0.00445941
0.125
0.00336915
0.00445941
0.0356752
0.0412346
0.0117321
0.00221251
0.00679066
0.00221251
0.00445941
0.00387613
0.0179484
0.00291943
0.00292848
0.108651
0.00192312
0.03125
0.164938
0.00254151
0.0542412
0.0103087
0.0358413
0.03125
0.00776428
0.0067592
0.00890502
0.00511459
0.125
0.00678015
0.287175
0.0102609
0.0947323
0.0312017
0.00445941
0.00221251
0.03125
0.015625
0.00587512
0.00291943
0.0272047
0.0542412
0.0412346
0.0311534
0.0205854
0.00192312
0.329877
0.00221251
0.0136024
0.03125
0.0942934
0.0717936
0.0117502
0.125
0.00590247
0.378929
0.108819
0.0947323
0.217638
0.00335874
0.02049
0.0205854
0.00510668
0.00590247
0.00292395
0.00221251
0.125
0.0102609
0.00336915
0.00387014
0.164938
0.00780042
0.00221251
0.5
0.00254545
0.00678015
0.00292848
0.0118415
0.287175
0.0947323
0.143587
0.0078125
0.00292848
0.00444562
0.00387014
0.164938
0.00192312
0.125
0.0067592
0.125
0.00387613
0.0473661
0.25
0.00385818
0.164938
0.00445251
0.0272047
0.00192312
0.00445251
0.189465
0.00292848
0.00292848
0.00778835
0.00221251
0.125
0.00387613
0.00292848
0.00512251
0.03125
0.0136024
0.0134766
0.00896033
0.015625
0.00192312
0.0544094
0.00292848
0.00589334
0.125
0.0358968
0.0473661
0.0625
0.329877
0.00679066
0.00254545
0.0236831
0.00221251
0.00387613
0.03125
0.00336915
0.0412346
0.00221251
0.00387613
0.00772831
0.00891881
0.0118415
0.00510668
0.125
0.00292848
0.00336915
0.287175
0.00889124
0.0358968
0.435275
0.5
0.00589334
0.189465
0.00336915
0.0271206
0.0717936
0.00292395
0.0824692
0.00387613
0.217638
0.108482
0.00336915
0.00445941
0.00336915
0.435275
0.217638
0.00445941
0.00254545
0.0102292
0.00387613
0.0235369
0.00778835
0.125
0.329877
0.00336915
0.0236831
0.00588422
0.00513045
0.435275
0.00292848
0.0947323
0.00445251
0.5
0.00679066
0.25
0.00192312
0.00336394
0.00192312
0.0625
0.0358968
0.329877
0.03125
0.00292848
0.00221251
0.0358968
0.143587
0.0179484
0.00192312
0.0236831
0.00192312
0.00679066
0.00513045
0.5
0.0947323
0.00221251
0.0236831
0.0156008
0.0271626
0.00445251
0.00585696
0.00775227
0.329877
0.0179484
0.00513045
0.0235005
0.00192312
0.0412346
0.03125
0.01781
0.00676967
0.0947323
0.03125
0.00292848
0.00588422
0.108819
0.25
0.00897421
0.00513045
0.010245
0.0624033
0.00336915
0.00443875
0.00590247
0.00513045
0.125
0.00387613
0.00780042
0.00192312
0.00221251
0.00385818
0.125
0.00387613
0.00254545
0.00386415
0.00679066
0.00221251
0.00513045
0.00292395
0.0358413

