0.0496063
0.03125
0.019585
0.00306856
0.0496063
0.0123377
0.125
0.0078125
0.00306856
0.00306856
0.00777229
0.00777229
0.198425
0.0123377
0.0124016
0.198425
0.0787451
0.019585
0.019585
0.0787451
0.00489624
0.125
0.00489624
0.03125
0.00777229
0.198425
0.125
0.00489624
0.0783398
0.00487104
0.00487104
0.0783398
0.0496063
0.00487104
0.00777229
0.125
0.00489624
0.019585
0.00487104
0.00306856
0.0783398
0.0310892
0.0310892
0.0310892
0.0124016
0.019585
0.00306856
0.00306856
0.0196863
0.0787451
0.00306856
0.0783398
0.00192313
0.03125
0.0787451
0.00306856
0.049351
0.019585
0.019585
0.03125
0.00777229
0.00489624
0.31498
0.0196863
0.125
0.0196863
0.0196863
0.0196863
0.5
0.0787451
0.0078125
0.00777229
0.0196863
0.00777229
0.00777229
0.049351
0.0496063
0.049351
0.0496063
0.125
0.0787451
0.019585
0.31498
0.00777229
0.00777229
0.00192313
0.5
0.0123377
0.125
0.0496063
0.00489624
0.5
0.0196863
0.0310892
0.0196863
0.019585
0.5
0.0496063
0.00306856
0.0124016
0.00777229
0.00192313
0.125
0.0196863
0.00777229
0.00192313
0.0310892
0.0124016
0.0123377
0.31498
0.00489624
0.00487104
0.00306856
0.00487104
0.0310892
0.03125
0.31498
0.00489624
0.00306856
0.00777229
0.0123377
0.00487104
0.00487104
0.0196863
0.00489624
0.0787451
0.00487104
0.198425
0.0196863
0.00777229
0.0787451
0.00489624
0.0196863
0.00192313
0.0078125
0.31498
0.0783398
0.00306856
0.00489624
0.00777229
0.019585
0.00192313
0.00489624
0.00487104
0.00306856
0.019585
0.0310892
0.00306856
0.00487104
0.00306856
0.198425
0.00489624
0.0123377
0.198425
0.0496063
0.0310892
0.0787451
0.0310892
0.00306856
0.00306856
0.0787451
0.0123377
0.0124016
0.00489624
0.00777229
0.0496063
0.03125
0.00306856
0.0310892
0.00777229
0.0124016
0.00306856
0.31498
0.00306856
0.00777229
0.0783398
0.00773229
0.019585
0.31498
0.0787451
0.00192313
0.198425
0.0787451
0.0787451
0.198425
0.00306856
0.198425
0.0787451
0.0783398
0.049351
0.00777229
0.019585
0.00487104
0.019585
0.198425
0.00487104
0.00487104
0.0310892
0.00489624
0.00487104
0.0124016
0.019585
0.198425
0.00306856
0.0196863
0.00489624
0.00306856
0.0310892
0.00306856
0.0310892
0.0787451
0.5
0.125
0.0787451
0.00487104
0.00192313
0.0310892
0.0496063
0.0496063
0.125
0.03125
0.00306856
0.00192313
0.0310892
0.049351
0.0787451
0.00306856
0.00306856
0.00773229
0.00306856
0.00306856
0.5
0.125
0.00306856
0.0196863
0.0196863
0.125
0.049351
0.0310892
0.00777229
0.125
0.0196863
0.00489624
0.198425
0.00487104
0.03125
0.00777229
0.0783398
0.00306856
0.125
0.00192313
0.00306856
0.00777229
0.03125
0.0787451
0.00487104
0.00489624
0.0123377
0.0196863
0.00773229
0.0310892
0.00489624
0.00192313
0.0787451
0.00489624
0.00489624
0.00192313
0.019585
0.049351
0.049351
0.0787451
0.00487104
0.198425
0.00489624
0.00777229
0.00489624
0.00489624
0.125

