0.5
0.5
0.287175
0.287175
0.378929
0.329877
0.5
0.5
0.143587
0.108819
0.0118415
0.015625
0.25
0.25
0.25
0.25
0.00390625
0.00390625
0.287175
0.189465
0.125
0.125
0.125
0.125
0.0179484
0.125
0.0206173
0.0044871
0.00340059
0.00195312
0.00224355
0.00515433
0.00195312
0.00340059
0.00296038
0.0044871
0.00390625
0.00224355
0.00224355
0.00515433
0.00680118
0.0206173
0.00515433
0.00897421
0.00340059
0.00224355
0.00515433
0.0078125
0.00340059
0.00592077
0.00515433
0.00296038
0.00592077
0.00224355
0.00224355
0.00592077
0.00296038
0.0078125
0.00224355
0.0078125
0.00257716
0.00224355
0.00224355
0.00592077

