0.297302
0.297302
0.297302
0.297302
0.25
0.210224
0.353553
0.353553
0.25
0.25
0.25
0.25
0.420448
0.420448
0.420448
0.420448
0.0743254
0.0743254
0.25
0.25
0.210224
0.176777
0.176777
0.176777
0.0220971
0.0220971
0.0220971
0.0185814
0.0185814
0.0185814
0.00552427
0.00552427
0.00276214
0.00276214
0.00276214
0.00276214
0.00464534
0.00464534
0.00464534
0.00464534
0.0065695
0.0065695
0.00552427
0.00552427
0.00552427
0.00390625
0.00390625
0.00390625
0.00390625
0.00390625
0.00390625
0.00390625
0.00390625
0.00390625
0.00328475
0.00390625
0.00390625
0.00328475
0.00390625
0.00390625
0.00390625
0.00390625
0.00390625
0.00390625

